param_clf__max_features,param_clf__min_samples_leaf,param_selector__C,param_selector__l1_ratio,param_selector__top_k,mean_test_score,std_test_score,rank_test_score,split0_test_score,split1_test_score,split2_test_score,split3_test_score,split4_test_score,mean_fit_time,mean_score_time
sqrt,1,0.001,0.1,5,0.6233333333333333,0.18932629094883902,442,0.7,0.45,0.35,0.8166666666666667,0.8,0.4807455062866211,0.02098226547241211
sqrt,1,0.001,0.1,10,0.5866666666666666,0.21328124364061854,550,0.6166666666666667,0.3333333333333333,0.35,0.8333333333333333,0.8,0.4849442481994629,0.02089409828186035
sqrt,1,0.001,0.1,20,0.5633333333333332,0.1450670343132596,632,0.55,0.45,0.3666666666666667,0.75,0.7,0.49367384910583495,0.020935440063476564
sqrt,1,0.001,0.1,50,0.5700000000000001,0.1462114146630754,604,0.8,0.3666666666666667,0.5333333333333333,0.65,0.5,0.4968406677246094,0.021138381958007813
sqrt,1,0.001,0.3,5,0.6233333333333333,0.18932629094883902,442,0.7,0.45,0.35,0.8166666666666667,0.8,0.47980289459228515,0.02116360664367676
sqrt,1,0.001,0.3,10,0.5866666666666666,0.21328124364061854,550,0.6166666666666667,0.3333333333333333,0.35,0.8333333333333333,0.8,0.486433219909668,0.02083930969238281
sqrt,1,0.001,0.3,20,0.5633333333333332,0.1450670343132596,632,0.55,0.45,0.3666666666666667,0.75,0.7,0.5061164379119873,0.02086014747619629
sqrt,1,0.001,0.3,50,0.5700000000000001,0.1462114146630754,604,0.8,0.3666666666666667,0.5333333333333333,0.65,0.5,0.49796156883239745,0.02110433578491211
sqrt,1,0.001,0.5,5,0.6233333333333333,0.18932629094883902,442,0.7,0.45,0.35,0.8166666666666667,0.8,0.4804252624511719,0.02124133110046387
sqrt,1,0.001,0.5,10,0.5866666666666666,0.21328124364061854,550,0.6166666666666667,0.3333333333333333,0.35,0.8333333333333333,0.8,0.4834721565246582,0.02079005241394043
sqrt,1,0.001,0.5,20,0.5633333333333332,0.1450670343132596,632,0.55,0.45,0.3666666666666667,0.75,0.7,0.49337172508239746,0.021020030975341795
sqrt,1,0.001,0.5,50,0.5700000000000001,0.1462114146630754,604,0.8,0.3666666666666667,0.5333333333333333,0.65,0.5,0.4949023246765137,0.02088313102722168
sqrt,1,0.001,0.7,5,0.6233333333333333,0.18932629094883902,442,0.7,0.45,0.35,0.8166666666666667,0.8,0.479766321182251,0.021207380294799804
sqrt,1,0.001,0.7,10,0.5866666666666666,0.21328124364061854,550,0.6166666666666667,0.3333333333333333,0.35,0.8333333333333333,0.8,0.48499646186828616,0.020962905883789063
sqrt,1,0.001,0.7,20,0.5633333333333332,0.1450670343132596,632,0.55,0.45,0.3666666666666667,0.75,0.7,0.49085431098937987,0.021335554122924805
sqrt,1,0.001,0.7,50,0.5700000000000001,0.1462114146630754,604,0.8,0.3666666666666667,0.5333333333333333,0.65,0.5,0.49488515853881837,0.02101163864135742
sqrt,1,0.001,0.9,5,0.6233333333333333,0.18932629094883902,442,0.7,0.45,0.35,0.8166666666666667,0.8,0.4794778823852539,0.0210085391998291
sqrt,1,0.001,0.9,10,0.5866666666666666,0.21328124364061854,550,0.6166666666666667,0.3333333333333333,0.35,0.8333333333333333,0.8,0.4835661888122559,0.021087074279785158
sqrt,1,0.001,0.9,20,0.5633333333333332,0.1450670343132596,632,0.55,0.45,0.3666666666666667,0.75,0.7,0.49016742706298827,0.021129655838012695
sqrt,1,0.001,0.9,50,0.5700000000000001,0.1462114146630754,604,0.8,0.3666666666666667,0.5333333333333333,0.65,0.5,0.4953286647796631,0.020902156829833984
sqrt,1,0.00359381,0.1,5,0.6233333333333333,0.18932629094883902,442,0.7,0.45,0.35,0.8166666666666667,0.8,0.4808815956115723,0.02096257209777832
sqrt,1,0.00359381,0.1,10,0.5866666666666666,0.21328124364061854,550,0.6166666666666667,0.3333333333333333,0.35,0.8333333333333333,0.8,0.485944128036499,0.021163034439086913
sqrt,1,0.00359381,0.1,20,0.5633333333333332,0.1450670343132596,632,0.55,0.45,0.3666666666666667,0.75,0.7,0.4909153938293457,0.020976924896240236
sqrt,1,0.00359381,0.1,50,0.5700000000000001,0.1462114146630754,604,0.8,0.3666666666666667,0.5333333333333333,0.65,0.5,0.4958625793457031,0.020989513397216795
sqrt,1,0.00359381,0.3,5,0.6233333333333333,0.18932629094883902,442,0.7,0.45,0.35,0.8166666666666667,0.8,0.4794888496398926,0.020810461044311522
sqrt,1,0.00359381,0.3,10,0.5866666666666666,0.21328124364061854,550,0.6166666666666667,0.3333333333333333,0.35,0.8333333333333333,0.8,0.4852959156036377,0.020874786376953124
sqrt,1,0.00359381,0.3,20,0.5633333333333332,0.1450670343132596,632,0.55,0.45,0.3666666666666667,0.75,0.7,0.4907681465148926,0.021218013763427735
sqrt,1,0.00359381,0.3,50,0.5700000000000001,0.1462114146630754,604,0.8,0.3666666666666667,0.5333333333333333,0.65,0.5,0.49645147323608396,0.021021270751953126
sqrt,1,0.00359381,0.5,5,0.6233333333333333,0.18932629094883902,442,0.7,0.45,0.35,0.8166666666666667,0.8,0.48035888671875,0.02113027572631836
sqrt,1,0.00359381,0.5,10,0.5866666666666666,0.21328124364061854,550,0.6166666666666667,0.3333333333333333,0.35,0.8333333333333333,0.8,0.4873813629150391,0.02089409828186035
sqrt,1,0.00359381,0.5,20,0.5633333333333332,0.1450670343132596,632,0.55,0.45,0.3666666666666667,0.75,0.7,0.49396138191223143,0.021077775955200197
sqrt,1,0.00359381,0.5,50,0.5700000000000001,0.1462114146630754,604,0.8,0.3666666666666667,0.5333333333333333,0.65,0.5,0.49884777069091796,0.02100396156311035
sqrt,1,0.00359381,0.7,5,0.6233333333333333,0.18932629094883902,442,0.7,0.45,0.35,0.8166666666666667,0.8,0.4802115440368652,0.020825719833374022
sqrt,1,0.00359381,0.7,10,0.5866666666666666,0.21328124364061854,550,0.6166666666666667,0.3333333333333333,0.35,0.8333333333333333,0.8,0.4821789741516113,0.020941877365112306
sqrt,1,0.00359381,0.7,20,0.5633333333333332,0.1450670343132596,632,0.55,0.45,0.3666666666666667,0.75,0.7,0.4905904769897461,0.020911645889282227
sqrt,1,0.00359381,0.7,50,0.5700000000000001,0.1462114146630754,604,0.8,0.3666666666666667,0.5333333333333333,0.65,0.5,0.4991312503814697,0.020919322967529297
sqrt,1,0.00359381,0.9,5,0.6233333333333333,0.18932629094883902,442,0.7,0.45,0.35,0.8166666666666667,0.8,0.4801521301269531,0.020813560485839842
sqrt,1,0.00359381,0.9,10,0.5866666666666666,0.21328124364061854,550,0.6166666666666667,0.3333333333333333,0.35,0.8333333333333333,0.8,0.48319406509399415,0.020911645889282227
sqrt,1,0.00359381,0.9,20,0.5633333333333332,0.1450670343132596,632,0.55,0.45,0.3666666666666667,0.75,0.7,0.4919434070587158,0.021022510528564454
sqrt,1,0.00359381,0.9,50,0.5700000000000001,0.1462114146630754,604,0.8,0.3666666666666667,0.5333333333333333,0.65,0.5,0.4966245651245117,0.02122187614440918
sqrt,1,0.0129155,0.1,5,0.7066666666666667,0.16006942938057292,235,0.6166666666666667,0.7333333333333334,0.45,0.8333333333333333,0.9,0.4872725486755371,0.02090930938720703
sqrt,1,0.0129155,0.1,10,0.7033333333333334,0.18867962264113206,240,0.8333333333333333,0.9,0.45,0.8333333333333333,0.5,0.49143805503845217,0.020816946029663087
sqrt,1,0.0129155,0.1,20,0.7433333333333334,0.16041612554021284,106,0.8333333333333333,0.9,0.45,0.8333333333333333,0.7,0.4974019527435303,0.020784425735473632
sqrt,1,0.0129155,0.1,50,0.8033333333333333,0.1446835627614047,4,0.8333333333333333,1.0,0.55,0.8333333333333333,0.8,0.5016594886779785,0.020821332931518555
sqrt,1,0.0129155,0.3,5,0.6233333333333333,0.18932629094883902,442,0.7,0.45,0.35,0.8166666666666667,0.8,0.48323745727539064,0.02108922004699707
sqrt,1,0.0129155,0.3,10,0.5866666666666666,0.21328124364061854,550,0.6166666666666667,0.3333333333333333,0.35,0.8333333333333333,0.8,0.485416316986084,0.02101244926452637
sqrt,1,0.0129155,0.3,20,0.5633333333333332,0.1450670343132596,632,0.55,0.45,0.3666666666666667,0.75,0.7,0.49172163009643555,0.020990419387817382
sqrt,1,0.0129155,0.3,50,0.5700000000000001,0.1462114146630754,604,0.8,0.3666666666666667,0.5333333333333333,0.65,0.5,0.4974056720733643,0.020994138717651368
sqrt,1,0.0129155,0.5,5,0.6233333333333333,0.18932629094883902,442,0.7,0.45,0.35,0.8166666666666667,0.8,0.48080692291259763,0.021215009689331054
sqrt,1,0.0129155,0.5,10,0.5866666666666666,0.21328124364061854,550,0.6166666666666667,0.3333333333333333,0.35,0.8333333333333333,0.8,0.48360743522644045,0.020890188217163087
sqrt,1,0.0129155,0.5,20,0.5633333333333332,0.1450670343132596,632,0.55,0.45,0.3666666666666667,0.75,0.7,0.4888622283935547,0.020963478088378906
sqrt,1,0.0129155,0.5,50,0.5700000000000001,0.1462114146630754,604,0.8,0.3666666666666667,0.5333333333333333,0.65,0.5,0.499575138092041,0.021386384963989258
sqrt,1,0.0129155,0.7,5,0.6233333333333333,0.18932629094883902,442,0.7,0.45,0.35,0.8166666666666667,0.8,0.48127083778381347,0.02120819091796875
sqrt,1,0.0129155,0.7,10,0.5866666666666666,0.21328124364061854,550,0.6166666666666667,0.3333333333333333,0.35,0.8333333333333333,0.8,0.4848629474639893,0.021500015258789064
sqrt,1,0.0129155,0.7,20,0.5633333333333332,0.1450670343132596,632,0.55,0.45,0.3666666666666667,0.75,0.7,0.49208879470825195,0.02094297409057617
sqrt,1,0.0129155,0.7,50,0.5700000000000001,0.1462114146630754,604,0.8,0.3666666666666667,0.5333333333333333,0.65,0.5,0.49989986419677734,0.02085413932800293
sqrt,1,0.0129155,0.9,5,0.6233333333333333,0.18932629094883902,442,0.7,0.45,0.35,0.8166666666666667,0.8,0.4802198886871338,0.02113814353942871
sqrt,1,0.0129155,0.9,10,0.5866666666666666,0.21328124364061854,550,0.6166666666666667,0.3333333333333333,0.35,0.8333333333333333,0.8,0.4865858554840088,0.020867443084716795
sqrt,1,0.0129155,0.9,20,0.5633333333333332,0.1450670343132596,632,0.55,0.45,0.3666666666666667,0.75,0.7,0.49371867179870604,0.020968198776245117
sqrt,1,0.0129155,0.9,50,0.5700000000000001,0.1462114146630754,604,0.8,0.3666666666666667,0.5333333333333333,0.65,0.5,0.49494051933288574,0.021106910705566407
sqrt,1,0.0464159,0.1,5,0.6066666666666667,0.11382247385975916,495,0.7166666666666667,0.6333333333333333,0.45,0.7333333333333334,0.5,0.49889430999755857,0.020883846282958984
sqrt,1,0.0464159,0.1,10,0.7466666666666667,0.11025223605694148,99,0.8333333333333333,0.8166666666666667,0.55,0.8333333333333333,0.7,0.504082202911377,0.021187305450439453
sqrt,1,0.0464159,0.1,20,0.8033333333333333,0.1446835627614047,4,0.8333333333333333,1.0,0.55,0.8333333333333333,0.8,0.5063289642333985,0.021049118041992186
sqrt,1,0.0464159,0.1,50,0.7366666666666667,0.17524585904126552,158,0.9,0.9,0.55,0.8333333333333333,0.5,0.5096178531646729,0.020912981033325194
sqrt,1,0.0464159,0.3,5,0.6233333333333333,0.14007934259633792,442,0.6166666666666667,0.7166666666666667,0.45,0.8333333333333333,0.5,0.4999879837036133,0.020998668670654298
sqrt,1,0.0464159,0.3,10,0.7000000000000001,0.22681367781605333,259,0.9166666666666667,0.9,0.45,0.8333333333333333,0.4,0.5045627593994141,0.021028757095336914
sqrt,1,0.0464159,0.3,20,0.7633333333333333,0.12710450643291746,58,0.9166666666666667,0.8166666666666667,0.55,0.8333333333333333,0.7,0.5061592578887939,0.02085700035095215
sqrt,1,0.0464159,0.3,50,0.7833333333333334,0.1505545305418162,21,0.8333333333333333,1.0,0.55,0.8333333333333333,0.7,0.5131957530975342,0.021177053451538086
sqrt,1,0.0464159,0.5,5,0.6533333333333333,0.141578403877302,390,0.65,0.45,0.55,0.8166666666666667,0.8,0.4905829429626465,0.021087503433227538
sqrt,1,0.0464159,0.5,10,0.6666666666666666,0.1963556863336419,351,0.8166666666666667,0.3333333333333333,0.55,0.8333333333333333,0.8,0.4924304008483887,0.021179962158203124
sqrt,1,0.0464159,0.5,20,0.6166666666666666,0.10697871023920807,485,0.6333333333333333,0.45,0.55,0.75,0.7,0.49767041206359863,0.021017980575561524
sqrt,1,0.0464159,0.5,50,0.5933333333333334,0.15151090903151349,528,0.8166666666666667,0.3666666666666667,0.6333333333333333,0.65,0.5,0.5030529499053955,0.020839738845825195
sqrt,1,0.0464159,0.7,5,0.6233333333333333,0.18932629094883902,442,0.7,0.45,0.35,0.8166666666666667,0.8,0.483565616607666,0.020984172821044922
sqrt,1,0.0464159,0.7,10,0.5866666666666666,0.21328124364061854,550,0.6166666666666667,0.3333333333333333,0.35,0.8333333333333333,0.8,0.488751745223999,0.020967578887939452
sqrt,1,0.0464159,0.7,20,0.5633333333333332,0.1450670343132596,632,0.55,0.45,0.3666666666666667,0.75,0.7,0.4941603660583496,0.021046876907348633
sqrt,1,0.0464159,0.7,50,0.5700000000000001,0.1462114146630754,604,0.8,0.3666666666666667,0.5333333333333333,0.65,0.5,0.49942469596862793,0.021346378326416015
sqrt,1,0.0464159,0.9,5,0.6233333333333333,0.18932629094883902,442,0.7,0.45,0.35,0.8166666666666667,0.8,0.4849813461303711,0.020940494537353516
sqrt,1,0.0464159,0.9,10,0.5866666666666666,0.21328124364061854,550,0.6166666666666667,0.3333333333333333,0.35,0.8333333333333333,0.8,0.4871337413787842,0.020948219299316406
sqrt,1,0.0464159,0.9,20,0.5633333333333332,0.1450670343132596,632,0.55,0.45,0.3666666666666667,0.75,0.7,0.49367055892944334,0.021082162857055664
sqrt,1,0.0464159,0.9,50,0.5700000000000001,0.1462114146630754,604,0.8,0.3666666666666667,0.5333333333333333,0.65,0.5,0.49971914291381836,0.021123838424682618
sqrt,1,0.16681,0.1,5,0.6166666666666667,0.12823589374447564,483,0.6333333333333333,0.7333333333333334,0.3833333333333333,0.7333333333333334,0.6,0.5308928489685059,0.020893669128417967
sqrt,1,0.16681,0.1,10,0.6833333333333333,0.1414213562373095,312,0.7333333333333334,0.8,0.45,0.8333333333333333,0.6000000000000001,0.532025671005249,0.02096552848815918
sqrt,1,0.16681,0.1,20,0.7433333333333334,0.11999999999999998,106,0.7333333333333334,0.9,0.55,0.8333333333333333,0.7,0.5337605476379395,0.020981884002685545
sqrt,1,0.16681,0.1,50,0.7766666666666666,0.1737175229439384,50,1.0,0.9,0.55,0.8333333333333333,0.6000000000000001,0.5406933784484863,0.020827770233154297
sqrt,1,0.16681,0.3,5,0.6333333333333334,0.09831920802501751,427,0.75,0.6333333333333333,0.55,0.7333333333333334,0.5,0.5352325916290284,0.021140384674072265
sqrt,1,0.16681,0.3,10,0.7233333333333334,0.11135528725660045,170,0.7333333333333334,0.9,0.55,0.7333333333333334,0.7,0.5392579078674317,0.02095503807067871
sqrt,1,0.16681,0.3,20,0.78,0.17042430708218956,32,0.9166666666666667,0.9,0.45,0.8333333333333333,0.8,0.5415376663208008,0.021051740646362303
sqrt,1,0.16681,0.3,50,0.76,0.12319812408384218,76,0.9,0.8166666666666667,0.55,0.8333333333333333,0.7,0.5490422725677491,0.021027278900146485
sqrt,1,0.16681,0.5,5,0.6533333333333334,0.07702813338860894,389,0.75,0.6333333333333333,0.55,0.7333333333333334,0.6000000000000001,0.5428310871124268,0.0211122989654541
sqrt,1,0.16681,0.5,10,0.8033333333333333,0.13012814197295422,4,0.8333333333333333,0.9,0.55,0.8333333333333333,0.9,0.5474696159362793,0.02105398178100586
sqrt,1,0.16681,0.5,20,0.7600000000000001,0.17275544693133255,72,0.9166666666666667,0.9,0.45,0.8333333333333333,0.7,0.5494083404541016,0.02117581367492676
sqrt,1,0.16681,0.5,50,0.76,0.18214768123085667,76,0.8166666666666667,1.0,0.45,0.8333333333333333,0.7,0.554776954650879,0.02104945182800293
sqrt,1,0.16681,0.7,5,0.7133333333333333,0.1007747763855398,231,0.6666666666666666,0.7166666666666667,0.55,0.8333333333333333,0.8,0.5447679996490479,0.021007299423217773
sqrt,1,0.16681,0.7,10,0.8200000000000001,0.138001610296563,1,0.9166666666666667,0.9,0.55,0.8333333333333333,0.9,0.5474674224853515,0.021019840240478517
sqrt,1,0.16681,0.7,20,0.7400000000000001,0.18396859635395507,128,0.8333333333333333,0.9,0.45,0.9166666666666667,0.6,0.550135326385498,0.021150875091552734
sqrt,1,0.16681,0.7,50,0.7966666666666666,0.1589549202342182,13,0.8166666666666667,1.0,0.55,0.9166666666666667,0.7,0.5571503639221191,0.020993518829345702
sqrt,1,0.16681,0.9,5,0.7133333333333333,0.1007747763855398,231,0.6666666666666666,0.7166666666666667,0.55,0.8333333333333333,0.8,0.5541768550872803,0.02058577537536621
sqrt,1,0.16681,0.9,10,0.7433333333333334,0.16041612554021284,106,0.8333333333333333,0.9,0.45,0.8333333333333333,0.7,0.5581684112548828,0.02093682289123535
sqrt,1,0.16681,0.9,20,0.7799999999999999,0.1199073716573663,43,0.8166666666666667,0.9,0.55,0.8333333333333333,0.8,0.5633882999420166,0.02098813056945801
sqrt,1,0.16681,0.9,50,0.8133333333333332,0.132664991614216,3,0.9,1.0,0.6333333333333333,0.8333333333333333,0.7,0.5690360069274902,0.02084813117980957
sqrt,1,0.599484,0.1,5,0.5566666666666666,0.16006942938057292,648,0.6333333333333333,0.8166666666666667,0.3833333333333333,0.55,0.4,0.6017195701599121,0.0208737850189209
sqrt,1,0.599484,0.1,10,0.7233333333333333,0.09463379711052258,187,0.7166666666666667,0.8166666666666667,0.55,0.7333333333333334,0.8,0.6021036148071289,0.021180486679077147
sqrt,1,0.599484,0.1,20,0.7633333333333332,0.12174654911833115,67,0.7166666666666667,0.8166666666666667,0.55,0.8333333333333333,0.9,0.6036674976348877,0.02099332809448242
sqrt,1,0.599484,0.1,50,0.78,0.14959203781544583,32,1.0,0.8166666666666667,0.55,0.8333333333333333,0.7,0.6105401992797852,0.020974016189575194
sqrt,1,0.599484,0.3,5,0.5966666666666666,0.17900962109463403,526,0.6333333333333333,0.7333333333333334,0.3833333333333333,0.8333333333333333,0.4,0.6190659523010253,0.02105426788330078
sqrt,1,0.599484,0.3,10,0.7466666666666667,0.10402991022884821,99,0.7333333333333334,0.8166666666666667,0.55,0.8333333333333333,0.8,0.6218379974365235,0.02119474411010742
sqrt,1,0.599484,0.3,20,0.7833333333333333,0.1206464071390257,26,0.8166666666666667,0.8166666666666667,0.55,0.8333333333333333,0.9,0.6232809066772461,0.020784282684326173
sqrt,1,0.599484,0.3,50,0.7966666666666666,0.15719768163402126,13,1.0,0.9,0.55,0.8333333333333333,0.7,0.6288629055023194,0.021056127548217774
sqrt,1,0.599484,0.5,5,0.7066666666666667,0.14929463784372457,235,0.8333333333333333,0.8166666666666667,0.55,0.8333333333333333,0.5,0.6414812088012696,0.02102484703063965
sqrt,1,0.599484,0.5,10,0.7266666666666666,0.14243907079480997,167,0.7333333333333334,0.8166666666666667,0.45,0.8333333333333333,0.8,0.6465600967407227,0.021147966384887695
sqrt,1,0.599484,0.5,20,0.7633333333333333,0.10718623460542348,58,0.8166666666666667,0.8166666666666667,0.55,0.8333333333333333,0.8,0.6458805561065674,0.020981407165527342
sqrt,1,0.599484,0.5,50,0.7233333333333334,0.14476033833738974,170,0.8166666666666667,0.8166666666666667,0.45,0.8333333333333333,0.7,0.6512349128723145,0.020881509780883788
sqrt,1,0.599484,0.7,5,0.7666666666666666,0.10903618155864081,54,0.8333333333333333,0.8166666666666667,0.55,0.8333333333333333,0.8,0.6750093460083008,0.021200227737426757
sqrt,1,0.599484,0.7,10,0.7633333333333334,0.16812693617224653,56,0.7333333333333334,0.9,0.45,0.8333333333333333,0.9,0.6787095546722413,0.021013355255126952
sqrt,1,0.599484,0.7,20,0.7433333333333332,0.10466878978738386,125,0.7166666666666667,0.8166666666666667,0.55,0.8333333333333333,0.8,0.679008150100708,0.020975255966186525
sqrt,1,0.599484,0.7,50,0.7799999999999999,0.1199073716573663,43,0.9,0.8166666666666667,0.55,0.8333333333333333,0.8,0.6859143733978271,0.02111048698425293
sqrt,1,0.599484,0.9,5,0.7466666666666667,0.11025223605694148,99,0.8333333333333333,0.8166666666666667,0.55,0.8333333333333333,0.7,0.694582462310791,0.02094125747680664
sqrt,1,0.599484,0.9,10,0.7633333333333332,0.1446835627614047,67,0.6333333333333333,0.9,0.55,0.8333333333333333,0.9,0.6966074943542481,0.021249008178710938
sqrt,1,0.599484,0.9,20,0.7233333333333333,0.14243907079480997,187,0.7166666666666667,0.8166666666666667,0.45,0.8333333333333333,0.8,0.6999426364898682,0.021185588836669923
sqrt,1,0.599484,0.9,50,0.7966666666666666,0.12927146286443544,13,0.9,0.9,0.55,0.8333333333333333,0.8,0.70560302734375,0.020865726470947265
sqrt,1,2.15443,0.1,5,0.59,0.170489491367259,531,0.7333333333333334,0.8,0.3833333333333333,0.6333333333333333,0.4,0.7206762313842774,0.021140241622924806
sqrt,1,2.15443,0.1,10,0.6466666666666667,0.15613384571507158,400,0.55,0.9,0.45,0.7333333333333334,0.6,0.7151697158813477,0.021153926849365234
sqrt,1,2.15443,0.1,20,0.7233333333333333,0.10143416036468623,187,0.7166666666666667,0.8166666666666667,0.55,0.8333333333333333,0.7,0.7174905300140381,0.02108001708984375
sqrt,1,2.15443,0.1,50,0.7833333333333332,0.12337837015547831,28,0.9166666666666667,0.8166666666666667,0.55,0.8333333333333333,0.8,0.7234214305877685,0.021148061752319335
sqrt,1,2.15443,0.3,5,0.63,0.19703355608175532,434,0.8166666666666667,0.8166666666666667,0.3833333333333333,0.7333333333333334,0.4,0.7713189601898194,0.021157026290893555
sqrt,1,2.15443,0.3,10,0.7233333333333333,0.11671427600007728,187,0.6166666666666667,0.8166666666666667,0.55,0.8333333333333333,0.8,0.772912073135376,0.021240758895874023
sqrt,1,2.15443,0.3,20,0.74,0.12046207333061766,136,0.7166666666666667,0.9,0.55,0.8333333333333333,0.7,0.7751954555511474,0.021105432510375978
sqrt,1,2.15443,0.3,50,0.7200000000000001,0.20259428532030327,203,0.9166666666666667,0.9,0.45,0.8333333333333333,0.5,0.7789006233215332,0.021111583709716795
sqrt,1,2.15443,0.5,5,0.6499999999999999,0.2110818693198342,398,0.8166666666666667,0.8166666666666667,0.3833333333333333,0.8333333333333333,0.4,0.8171220779418945,0.021076059341430663
sqrt,1,2.15443,0.5,10,0.7233333333333334,0.12229290885229423,170,0.8166666666666667,0.8166666666666667,0.55,0.8333333333333333,0.6000000000000001,0.81879563331604,0.021000099182128907
sqrt,1,2.15443,0.5,20,0.72,0.1330830985178475,209,0.7166666666666667,0.9,0.55,0.8333333333333333,0.6,0.8240801334381104,0.020998620986938478
sqrt,1,2.15443,0.5,50,0.7833333333333332,0.12337837015547831,28,0.9166666666666667,0.8166666666666667,0.55,0.8333333333333333,0.8,0.827134656906128,0.02110891342163086
sqrt,1,2.15443,0.7,5,0.63,0.19703355608175532,434,0.8166666666666667,0.8166666666666667,0.3833333333333333,0.7333333333333334,0.4,0.8896061897277832,0.020988988876342773
sqrt,1,2.15443,0.7,10,0.7033333333333334,0.15326085243430196,240,0.8166666666666667,0.8166666666666667,0.45,0.8333333333333333,0.6000000000000001,0.8926216125488281,0.02126345634460449
sqrt,1,2.15443,0.7,20,0.7233333333333333,0.14243907079480997,187,0.7166666666666667,0.8166666666666667,0.45,0.8333333333333333,0.8,0.8983542442321777,0.02089991569519043
sqrt,1,2.15443,0.7,50,0.76,0.18214768123085667,76,1.0,0.8166666666666667,0.45,0.8333333333333333,0.7,0.8994341850280761,0.020946550369262695
sqrt,1,2.15443,0.9,5,0.6633333333333333,0.1637749132871766,353,0.8166666666666667,0.8166666666666667,0.55,0.7333333333333334,0.4,0.9338190078735351,0.021167516708374023
sqrt,1,2.15443,0.9,10,0.7066666666666667,0.1470449666674185,235,0.6333333333333333,0.8166666666666667,0.45,0.8333333333333333,0.8,0.9376545906066894,0.020789527893066408
sqrt,1,2.15443,0.9,20,0.7233333333333333,0.10143416036468623,187,0.7166666666666667,0.8166666666666667,0.55,0.8333333333333333,0.7,0.9399231910705567,0.02095184326171875
sqrt,1,2.15443,0.9,50,0.76,0.11766241729815193,76,0.9,0.8166666666666667,0.55,0.7333333333333334,0.8,0.9470468521118164,0.020809221267700195
sqrt,1,7.74264,0.1,5,0.5,0.09486832980505137,790,0.55,0.5333333333333333,0.3833333333333333,0.6333333333333333,0.4,0.7845334053039551,0.021390676498413086
sqrt,1,7.74264,0.1,10,0.65,0.12292725943057184,395,0.55,0.8,0.4666666666666667,0.7333333333333334,0.7,0.7839420318603516,0.021011495590209962
sqrt,1,7.74264,0.1,20,0.7033333333333334,0.08653836657164779,240,0.7166666666666667,0.8166666666666667,0.55,0.7333333333333334,0.7,0.7863515377044678,0.021185636520385742
sqrt,1,7.74264,0.1,50,0.76,0.1648568402517098,76,1.0,0.8166666666666667,0.55,0.8333333333333333,0.6000000000000001,0.7917088985443115,0.02109236717224121
sqrt,1,7.74264,0.3,5,0.6133333333333333,0.19419348884839344,487,0.8333333333333333,0.8166666666666667,0.3833333333333333,0.6333333333333333,0.4,0.9621772766113281,0.020926761627197265
sqrt,1,7.74264,0.3,10,0.6300000000000001,0.12265579661982731,432,0.55,0.8166666666666667,0.55,0.7333333333333334,0.5,0.9643410205841064,0.02104940414428711
sqrt,1,7.74264,0.3,20,0.7233333333333333,0.10143416036468623,187,0.7166666666666667,0.8166666666666667,0.55,0.8333333333333333,0.7,0.9664693832397461,0.021088695526123045
sqrt,1,7.74264,0.3,50,0.7633333333333333,0.12710450643291746,58,0.9166666666666667,0.8166666666666667,0.55,0.8333333333333333,0.7,0.9709898471832276,0.021075725555419922
sqrt,1,7.74264,0.5,5,0.6333333333333333,0.20027758514399735,429,0.8333333333333333,0.8166666666666667,0.3833333333333333,0.7333333333333334,0.4,1.028406286239624,0.0210568904876709
sqrt,1,7.74264,0.5,10,0.7233333333333333,0.11671427600007728,187,0.6166666666666667,0.8166666666666667,0.55,0.8333333333333333,0.8,1.0269707679748534,0.021097135543823243
sqrt,1,7.74264,0.5,20,0.74,0.12046207333061766,136,0.7166666666666667,0.9,0.55,0.8333333333333333,0.7,1.0272865772247315,0.020949268341064455
sqrt,1,7.74264,0.5,50,0.7400000000000001,0.18396859635395504,128,0.9166666666666667,0.9,0.45,0.8333333333333333,0.6000000000000001,1.0349871635437011,0.021228551864624023
sqrt,1,7.74264,0.7,5,0.6533333333333333,0.17993826101687704,390,0.8166666666666667,0.7333333333333334,0.3833333333333333,0.8333333333333333,0.5,1.0857250213623046,0.02167930603027344
sqrt,1,7.74264,0.7,10,0.6633333333333333,0.14429907214608906,353,0.6166666666666667,0.8166666666666667,0.45,0.8333333333333333,0.6000000000000001,1.0812129497528076,0.02244906425476074
sqrt,1,7.74264,0.7,20,0.74,0.12046207333061766,136,0.7166666666666667,0.9,0.55,0.8333333333333333,0.7,1.0817697048187256,0.021225166320800782
sqrt,1,7.74264,0.7,50,0.7400000000000001,0.18396859635395507,128,0.9166666666666667,0.9,0.45,0.8333333333333333,0.6,1.08880615234375,0.020955514907836915
sqrt,1,7.74264,0.9,5,0.6833333333333333,0.13374935098492585,312,0.8166666666666667,0.8166666666666667,0.55,0.7333333333333334,0.5,1.1616528987884522,0.021158218383789062
sqrt,1,7.74264,0.9,10,0.6633333333333333,0.14429907214608906,353,0.6166666666666667,0.8166666666666667,0.45,0.8333333333333333,0.6000000000000001,1.1668049812316894,0.02116565704345703
sqrt,1,7.74264,0.9,20,0.72,0.1330830985178475,209,0.7166666666666667,0.9,0.55,0.8333333333333333,0.6,1.1671170711517334,0.021137571334838866
sqrt,1,7.74264,0.9,50,0.76,0.16485684025170982,76,1.0,0.8166666666666667,0.55,0.8333333333333333,0.6,1.176227903366089,0.02082977294921875
sqrt,1,27.8256,0.1,5,0.52,0.08124038404635961,771,0.55,0.5333333333333333,0.3833333333333333,0.6333333333333333,0.5,0.7898164749145508,0.0211181640625
sqrt,1,27.8256,0.1,10,0.5666666666666667,0.07673909622147558,630,0.6333333333333333,0.6166666666666667,0.45,0.6333333333333333,0.5,0.7939764499664307,0.020947790145874022
sqrt,1,27.8256,0.1,20,0.7433333333333334,0.10143416036468625,106,0.8166666666666667,0.8166666666666667,0.55,0.7333333333333334,0.8,0.787896728515625,0.02108874320983887
sqrt,1,27.8256,0.1,50,0.76,0.1648568402517098,76,1.0,0.8166666666666667,0.55,0.8333333333333333,0.6000000000000001,0.793128490447998,0.021095418930053712
sqrt,1,27.8256,0.3,5,0.54,0.09345230512584124,703,0.55,0.6333333333333333,0.3833333333333333,0.6333333333333333,0.5,0.9132236957550048,0.02126445770263672
sqrt,1,27.8256,0.3,10,0.66,0.150037032465692,373,0.6166666666666667,0.9,0.45,0.7333333333333334,0.6000000000000001,0.9150398731231689,0.021194028854370116
sqrt,1,27.8256,0.3,20,0.7033333333333334,0.08653836657164779,240,0.7166666666666667,0.8166666666666667,0.55,0.7333333333333334,0.7,0.9149788379669189,0.02106509208679199
sqrt,1,27.8256,0.3,50,0.8,0.14414498873626433,8,1.0,0.8166666666666667,0.55,0.8333333333333333,0.8,0.921613359451294,0.021049642562866212
sqrt,1,27.8256,0.5,5,0.52,0.10923979738782626,771,0.55,0.6333333333333333,0.3833333333333333,0.6333333333333333,0.4,1.0425175189971925,0.02112469673156738
sqrt,1,27.8256,0.5,10,0.6500000000000001,0.1520233900132184,393,0.55,0.9,0.4666666666666667,0.7333333333333334,0.6,1.044567918777466,0.020897293090820314
sqrt,1,27.8256,0.5,20,0.7033333333333334,0.08653836657164779,240,0.7166666666666667,0.8166666666666667,0.55,0.7333333333333334,0.7,1.045296859741211,0.021064043045043945
sqrt,1,27.8256,0.5,50,0.7833333333333332,0.12337837015547831,28,0.9166666666666667,0.8166666666666667,0.55,0.8333333333333333,0.8,1.048782968521118,0.02114238739013672
sqrt,1,27.8256,0.7,5,0.5700000000000001,0.15790292376436016,604,0.6333333333333333,0.8,0.3833333333333333,0.6333333333333333,0.4,1.1334300994873048,0.021115541458129883
sqrt,1,27.8256,0.7,10,0.6666666666666667,0.0960324019392529,346,0.6333333333333333,0.8166666666666667,0.55,0.7333333333333334,0.6,1.135474443435669,0.021123218536376952
sqrt,1,27.8256,0.7,20,0.74,0.12046207333061766,136,0.7166666666666667,0.9,0.55,0.8333333333333333,0.7,1.1384146213531494,0.020896100997924806
sqrt,1,27.8256,0.7,50,0.8,0.132077418374393,8,0.9166666666666667,0.9,0.55,0.8333333333333333,0.8,1.1451969146728516,0.02103433609008789
sqrt,1,27.8256,0.9,5,0.5933333333333333,0.17467430008765203,529,0.7333333333333334,0.8166666666666667,0.3833333333333333,0.6333333333333333,0.4,1.21750864982605,0.020939970016479494
sqrt,1,27.8256,0.9,10,0.6833333333333333,0.11785113019775789,312,0.6166666666666667,0.8166666666666667,0.55,0.8333333333333333,0.6,1.2306353569030761,0.02103700637817383
sqrt,1,27.8256,0.9,20,0.76,0.10572501018102469,76,0.8,0.8166666666666667,0.55,0.8333333333333333,0.8,1.2229870319366456,0.02112293243408203
sqrt,1,27.8256,0.9,50,0.7600000000000001,0.17275544693133255,72,0.9166666666666667,0.9,0.45,0.8333333333333333,0.7,1.2287813186645509,0.020918893814086913
sqrt,1,100.0,0.1,5,0.52,0.08124038404635961,771,0.55,0.5333333333333333,0.3833333333333333,0.6333333333333333,0.5,0.8399464130401612,0.021053361892700195
sqrt,1,100.0,0.1,10,0.6066666666666667,0.09104333522498444,495,0.7333333333333334,0.6166666666666667,0.45,0.6333333333333333,0.6000000000000001,0.8411153316497803,0.02084188461303711
sqrt,1,100.0,0.1,20,0.7266666666666667,0.12498888839501783,166,0.6333333333333333,0.8166666666666667,0.55,0.7333333333333334,0.9,0.8429761409759522,0.020900821685791014
sqrt,1,100.0,0.1,50,0.8,0.14414498873626433,8,1.0,0.8166666666666667,0.55,0.8333333333333333,0.8,0.8493550777435303,0.021036291122436525
sqrt,1,100.0,0.3,5,0.52,0.08124038404635961,771,0.55,0.5333333333333333,0.3833333333333333,0.6333333333333333,0.5,0.841840124130249,0.020905303955078124
sqrt,1,100.0,0.3,10,0.5466666666666666,0.10077477638553982,683,0.6333333333333333,0.6166666666666667,0.45,0.6333333333333333,0.4,0.8489156723022461,0.021824455261230467
sqrt,1,100.0,0.3,20,0.7833333333333334,0.1456784892227477,21,0.8166666666666667,0.8166666666666667,0.55,0.7333333333333334,1.0,0.8443329334259033,0.021039724349975586
sqrt,1,100.0,0.3,50,0.7433333333333333,0.14243907079480994,122,0.9166666666666667,0.8166666666666667,0.55,0.8333333333333333,0.6000000000000001,0.8528190612792969,0.02122530937194824
sqrt,1,100.0,0.5,5,0.52,0.08124038404635961,771,0.55,0.5333333333333333,0.3833333333333333,0.6333333333333333,0.5,0.8622736454010009,0.02096381187438965
sqrt,1,100.0,0.5,10,0.5466666666666666,0.10077477638553982,683,0.6333333333333333,0.6166666666666667,0.45,0.6333333333333333,0.4,0.8646725654602051,0.020939445495605467
sqrt,1,100.0,0.5,20,0.7433333333333334,0.10143416036468625,106,0.8166666666666667,0.8166666666666667,0.55,0.7333333333333334,0.8,0.8655961990356446,0.020844268798828124
sqrt,1,100.0,0.5,50,0.76,0.1648568402517098,76,1.0,0.8166666666666667,0.55,0.8333333333333333,0.6000000000000001,0.8742736339569092,0.021008396148681642
sqrt,1,100.0,0.7,5,0.52,0.08124038404635961,771,0.55,0.5333333333333333,0.3833333333333333,0.6333333333333333,0.5,0.8980460643768311,0.02106928825378418
sqrt,1,100.0,0.7,10,0.6033333333333333,0.17587874611030557,522,0.6333333333333333,0.9,0.45,0.6333333333333333,0.4,0.9021732807159424,0.02096977233886719
sqrt,1,100.0,0.7,20,0.7233333333333334,0.09809292646374773,170,0.8166666666666667,0.8166666666666667,0.55,0.7333333333333334,0.7,0.9036991596221924,0.020836257934570314
sqrt,1,100.0,0.7,50,0.76,0.1648568402517098,76,1.0,0.8166666666666667,0.55,0.8333333333333333,0.6000000000000001,0.9101210594177246,0.020792722702026367
sqrt,1,100.0,0.9,5,0.52,0.08124038404635961,771,0.55,0.5333333333333333,0.3833333333333333,0.6333333333333333,0.5,0.9705191612243652,0.021225357055664064
sqrt,1,100.0,0.9,10,0.62,0.18360585805227217,478,0.6166666666666667,0.9,0.45,0.7333333333333334,0.4,0.9761383056640625,0.021099662780761717
sqrt,1,100.0,0.9,20,0.7233333333333333,0.09463379711052258,187,0.7166666666666667,0.8166666666666667,0.55,0.7333333333333334,0.8,0.9740257263183594,0.02117609977722168
sqrt,1,100.0,0.9,50,0.78,0.14959203781544583,32,1.0,0.8166666666666667,0.55,0.8333333333333333,0.7,0.9772901058197021,0.021043157577514647
sqrt,5,0.001,0.1,5,0.54,0.055377492419453826,703,0.5166666666666667,0.5166666666666667,0.5166666666666667,0.65,0.5,0.4693921566009521,0.02075986862182617
sqrt,5,0.001,0.1,10,0.54,0.055377492419453826,703,0.5166666666666667,0.5166666666666667,0.5166666666666667,0.65,0.5,0.4698183059692383,0.020852327346801758
sqrt,5,0.001,0.1,20,0.5866666666666667,0.1343296111973992,533,0.43333333333333335,0.5333333333333333,0.5333333333333333,0.8333333333333333,0.6,0.47201056480407716,0.020874404907226564
sqrt,5,0.001,0.1,50,0.5733333333333334,0.16885233522551918,586,0.7,0.26666666666666666,0.55,0.75,0.6000000000000001,0.47957377433776854,0.020804738998413085
sqrt,5,0.001,0.3,5,0.54,0.055377492419453826,703,0.5166666666666667,0.5166666666666667,0.5166666666666667,0.65,0.5,0.468997859954834,0.020904541015625
sqrt,5,0.001,0.3,10,0.54,0.055377492419453826,703,0.5166666666666667,0.5166666666666667,0.5166666666666667,0.65,0.5,0.47285118103027346,0.020937395095825196
sqrt,5,0.001,0.3,20,0.5866666666666667,0.1343296111973992,533,0.43333333333333335,0.5333333333333333,0.5333333333333333,0.8333333333333333,0.6,0.4730850696563721,0.020666980743408205
sqrt,5,0.001,0.3,50,0.5733333333333334,0.16885233522551918,586,0.7,0.26666666666666666,0.55,0.75,0.6000000000000001,0.4769153594970703,0.020997285842895508
sqrt,5,0.001,0.5,5,0.54,0.055377492419453826,703,0.5166666666666667,0.5166666666666667,0.5166666666666667,0.65,0.5,0.46981172561645507,0.02071976661682129
sqrt,5,0.001,0.5,10,0.54,0.055377492419453826,703,0.5166666666666667,0.5166666666666667,0.5166666666666667,0.65,0.5,0.46911134719848635,0.020697259902954103
sqrt,5,0.001,0.5,20,0.5866666666666667,0.1343296111973992,533,0.43333333333333335,0.5333333333333333,0.5333333333333333,0.8333333333333333,0.6,0.4724395275115967,0.020729780197143555
sqrt,5,0.001,0.5,50,0.5733333333333334,0.16885233522551918,586,0.7,0.26666666666666666,0.55,0.75,0.6000000000000001,0.47644948959350586,0.020940637588500975
sqrt,5,0.001,0.7,5,0.54,0.055377492419453826,703,0.5166666666666667,0.5166666666666667,0.5166666666666667,0.65,0.5,0.46905221939086916,0.02072033882141113
sqrt,5,0.001,0.7,10,0.54,0.055377492419453826,703,0.5166666666666667,0.5166666666666667,0.5166666666666667,0.65,0.5,0.469347620010376,0.02085413932800293
sqrt,5,0.001,0.7,20,0.5866666666666667,0.1343296111973992,533,0.43333333333333335,0.5333333333333333,0.5333333333333333,0.8333333333333333,0.6,0.4732013702392578,0.02075510025024414
sqrt,5,0.001,0.7,50,0.5733333333333334,0.16885233522551918,586,0.7,0.26666666666666666,0.55,0.75,0.6000000000000001,0.4823285102844238,0.021250247955322266
sqrt,5,0.001,0.9,5,0.54,0.055377492419453826,703,0.5166666666666667,0.5166666666666667,0.5166666666666667,0.65,0.5,0.4688571929931641,0.02074604034423828
sqrt,5,0.001,0.9,10,0.54,0.055377492419453826,703,0.5166666666666667,0.5166666666666667,0.5166666666666667,0.65,0.5,0.4684295177459717,0.02086629867553711
sqrt,5,0.001,0.9,20,0.5866666666666667,0.1343296111973992,533,0.43333333333333335,0.5333333333333333,0.5333333333333333,0.8333333333333333,0.6,0.47171740531921386,0.02084641456604004
sqrt,5,0.001,0.9,50,0.5733333333333334,0.16885233522551918,586,0.7,0.26666666666666666,0.55,0.75,0.6000000000000001,0.47982010841369627,0.020904064178466797
sqrt,5,0.00359381,0.1,5,0.54,0.055377492419453826,703,0.5166666666666667,0.5166666666666667,0.5166666666666667,0.65,0.5,0.4745047092437744,0.020725107192993163
sqrt,5,0.00359381,0.1,10,0.54,0.055377492419453826,703,0.5166666666666667,0.5166666666666667,0.5166666666666667,0.65,0.5,0.47071852684021,0.020716762542724608
sqrt,5,0.00359381,0.1,20,0.5866666666666667,0.1343296111973992,533,0.43333333333333335,0.5333333333333333,0.5333333333333333,0.8333333333333333,0.6,0.47573137283325195,0.02082982063293457
sqrt,5,0.00359381,0.1,50,0.5733333333333334,0.16885233522551918,586,0.7,0.26666666666666666,0.55,0.75,0.6000000000000001,0.4780593395233154,0.020874595642089842
sqrt,5,0.00359381,0.3,5,0.54,0.055377492419453826,703,0.5166666666666667,0.5166666666666667,0.5166666666666667,0.65,0.5,0.4683720111846924,0.020955514907836915
sqrt,5,0.00359381,0.3,10,0.54,0.055377492419453826,703,0.5166666666666667,0.5166666666666667,0.5166666666666667,0.65,0.5,0.4719224452972412,0.020962858200073244
sqrt,5,0.00359381,0.3,20,0.5866666666666667,0.1343296111973992,533,0.43333333333333335,0.5333333333333333,0.5333333333333333,0.8333333333333333,0.6,0.4724703311920166,0.020726346969604494
sqrt,5,0.00359381,0.3,50,0.5733333333333334,0.16885233522551918,586,0.7,0.26666666666666666,0.55,0.75,0.6000000000000001,0.47690529823303224,0.020844507217407226
sqrt,5,0.00359381,0.5,5,0.54,0.055377492419453826,703,0.5166666666666667,0.5166666666666667,0.5166666666666667,0.65,0.5,0.4799769878387451,0.020850086212158205
sqrt,5,0.00359381,0.5,10,0.54,0.055377492419453826,703,0.5166666666666667,0.5166666666666667,0.5166666666666667,0.65,0.5,0.46682038307189944,0.020678949356079102
sqrt,5,0.00359381,0.5,20,0.5866666666666667,0.1343296111973992,533,0.43333333333333335,0.5333333333333333,0.5333333333333333,0.8333333333333333,0.6,0.4705310344696045,0.020649814605712892
sqrt,5,0.00359381,0.5,50,0.5733333333333334,0.16885233522551918,586,0.7,0.26666666666666666,0.55,0.75,0.6000000000000001,0.4750069618225098,0.020836877822875976
sqrt,5,0.00359381,0.7,5,0.54,0.055377492419453826,703,0.5166666666666667,0.5166666666666667,0.5166666666666667,0.65,0.5,0.46698956489562987,0.020743703842163085
sqrt,5,0.00359381,0.7,10,0.54,0.055377492419453826,703,0.5166666666666667,0.5166666666666667,0.5166666666666667,0.65,0.5,0.46837596893310546,0.02067737579345703
sqrt,5,0.00359381,0.7,20,0.5866666666666667,0.1343296111973992,533,0.43333333333333335,0.5333333333333333,0.5333333333333333,0.8333333333333333,0.6,0.4714500904083252,0.020632362365722655
sqrt,5,0.00359381,0.7,50,0.5733333333333334,0.16885233522551918,586,0.7,0.26666666666666666,0.55,0.75,0.6000000000000001,0.4757127285003662,0.020705223083496094
sqrt,5,0.00359381,0.9,5,0.54,0.055377492419453826,703,0.5166666666666667,0.5166666666666667,0.5166666666666667,0.65,0.5,0.4676473617553711,0.020648384094238283
sqrt,5,0.00359381,0.9,10,0.54,0.055377492419453826,703,0.5166666666666667,0.5166666666666667,0.5166666666666667,0.65,0.5,0.4676503658294678,0.020680952072143554
sqrt,5,0.00359381,0.9,20,0.5866666666666667,0.1343296111973992,533,0.43333333333333335,0.5333333333333333,0.5333333333333333,0.8333333333333333,0.6,0.46857295036315916,0.02068190574645996
sqrt,5,0.00359381,0.9,50,0.5733333333333334,0.16885233522551918,586,0.7,0.26666666666666666,0.55,0.75,0.6000000000000001,0.47654047012329104,0.020717716217041014
sqrt,5,0.0129155,0.1,5,0.6866666666666668,0.16172679294277603,304,0.5333333333333333,0.8166666666666667,0.45,0.8333333333333333,0.8,0.4772529125213623,0.020667123794555663
sqrt,5,0.0129155,0.1,10,0.6900000000000001,0.14628738838327793,302,0.75,0.9,0.55,0.75,0.5,0.48325576782226565,0.020764589309692383
sqrt,5,0.0129155,0.1,20,0.7400000000000001,0.18396859635395507,128,0.9166666666666667,0.9,0.45,0.8333333333333333,0.6,0.4832326889038086,0.020555925369262696
sqrt,5,0.0129155,0.1,50,0.7566666666666666,0.12892719737209143,97,0.8166666666666667,0.9,0.5333333333333333,0.8333333333333333,0.7,0.4902021884918213,0.02144765853881836
sqrt,5,0.0129155,0.3,5,0.54,0.055377492419453826,703,0.5166666666666667,0.5166666666666667,0.5166666666666667,0.65,0.5,0.46734251976013186,0.020784902572631835
sqrt,5,0.0129155,0.3,10,0.54,0.055377492419453826,703,0.5166666666666667,0.5166666666666667,0.5166666666666667,0.65,0.5,0.4672531604766846,0.02061119079589844
sqrt,5,0.0129155,0.3,20,0.5866666666666667,0.1343296111973992,533,0.43333333333333335,0.5333333333333333,0.5333333333333333,0.8333333333333333,0.6,0.46987314224243165,0.02073392868041992
sqrt,5,0.0129155,0.3,50,0.5733333333333334,0.16885233522551918,586,0.7,0.26666666666666666,0.55,0.75,0.6000000000000001,0.47848286628723147,0.020714759826660156
sqrt,5,0.0129155,0.5,5,0.54,0.055377492419453826,703,0.5166666666666667,0.5166666666666667,0.5166666666666667,0.65,0.5,0.46843538284301756,0.020670318603515626
sqrt,5,0.0129155,0.5,10,0.54,0.055377492419453826,703,0.5166666666666667,0.5166666666666667,0.5166666666666667,0.65,0.5,0.4741055488586426,0.020920228958129884
sqrt,5,0.0129155,0.5,20,0.5866666666666667,0.1343296111973992,533,0.43333333333333335,0.5333333333333333,0.5333333333333333,0.8333333333333333,0.6,0.47095551490783694,0.020806217193603517
sqrt,5,0.0129155,0.5,50,0.5733333333333334,0.16885233522551918,586,0.7,0.26666666666666666,0.55,0.75,0.6000000000000001,0.47502288818359373,0.020646142959594726
sqrt,5,0.0129155,0.7,5,0.54,0.055377492419453826,703,0.5166666666666667,0.5166666666666667,0.5166666666666667,0.65,0.5,0.4676659107208252,0.02067842483520508
sqrt,5,0.0129155,0.7,10,0.54,0.055377492419453826,703,0.5166666666666667,0.5166666666666667,0.5166666666666667,0.65,0.5,0.4677682876586914,0.02064652442932129
sqrt,5,0.0129155,0.7,20,0.5866666666666667,0.1343296111973992,533,0.43333333333333335,0.5333333333333333,0.5333333333333333,0.8333333333333333,0.6,0.47162208557128904,0.020815038681030275
sqrt,5,0.0129155,0.7,50,0.5733333333333334,0.16885233522551918,586,0.7,0.26666666666666666,0.55,0.75,0.6000000000000001,0.47755866050720214,0.020612716674804688
sqrt,5,0.0129155,0.9,5,0.54,0.055377492419453826,703,0.5166666666666667,0.5166666666666667,0.5166666666666667,0.65,0.5,0.4710070133209229,0.020705509185791015
sqrt,5,0.0129155,0.9,10,0.54,0.055377492419453826,703,0.5166666666666667,0.5166666666666667,0.5166666666666667,0.65,0.5,0.46784682273864747,0.02047619819641113
sqrt,5,0.0129155,0.9,20,0.5866666666666667,0.1343296111973992,533,0.43333333333333335,0.5333333333333333,0.5333333333333333,0.8333333333333333,0.6,0.4720635890960693,0.020997333526611327
sqrt,5,0.0129155,0.9,50,0.5733333333333334,0.16885233522551918,586,0.7,0.26666666666666666,0.55,0.75,0.6000000000000001,0.4781957149505615,0.020671987533569337
sqrt,5,0.0464159,0.1,5,0.6100000000000001,0.12046207333061766,490,0.8166666666666667,0.6333333333333333,0.45,0.55,0.6,0.48964338302612304,0.020760250091552735
sqrt,5,0.0464159,0.1,10,0.7066666666666668,0.11382247385975913,233,0.7333333333333334,0.8166666666666667,0.55,0.8333333333333333,0.6,0.4914243221282959,0.020791959762573243
sqrt,5,0.0464159,0.1,20,0.7400000000000001,0.150037032465692,128,0.7333333333333334,0.9,0.55,0.9166666666666667,0.6,0.4928608417510986,0.020854473114013672
sqrt,5,0.0464159,0.1,50,0.72,0.11990737165736629,209,0.8166666666666667,0.8,0.55,0.8333333333333333,0.6000000000000001,0.49534831047058103,0.020894670486450197
sqrt,5,0.0464159,0.3,5,0.6066666666666667,0.1171893055416463,495,0.6166666666666667,0.7166666666666667,0.45,0.75,0.5,0.4899836540222168,0.020763111114501954
sqrt,5,0.0464159,0.3,10,0.7033333333333334,0.19014614262602214,240,0.9166666666666667,0.8166666666666667,0.45,0.8333333333333333,0.5,0.492954158782959,0.020722484588623045
sqrt,5,0.0464159,0.3,20,0.76,0.15441646429200626,76,0.9166666666666667,0.9,0.55,0.8333333333333333,0.6,0.4941011905670166,0.020668745040893555
sqrt,5,0.0464159,0.3,50,0.7966666666666666,0.1359738536958076,13,0.8166666666666667,0.9,0.5333333333333333,0.8333333333333333,0.9,0.49729480743408205,0.020763301849365236
sqrt,5,0.0464159,0.5,5,0.5866666666666667,0.0832666399786453,533,0.7166666666666667,0.5166666666666667,0.55,0.65,0.5,0.4734086036682129,0.020793771743774413
sqrt,5,0.0464159,0.5,10,0.6066666666666667,0.11718930554164629,495,0.8166666666666667,0.5166666666666667,0.55,0.65,0.5,0.4770777225494385,0.020787429809570313
sqrt,5,0.0464159,0.5,20,0.6666666666666667,0.1312334645668635,346,0.8166666666666667,0.5333333333333333,0.55,0.8333333333333333,0.6,0.4782322883605957,0.020922470092773437
sqrt,5,0.0464159,0.5,50,0.6100000000000001,0.21333333333333335,490,0.9,0.26666666666666666,0.5333333333333333,0.75,0.6000000000000001,0.48275094032287597,0.020851278305053712
sqrt,5,0.0464159,0.7,5,0.54,0.055377492419453826,703,0.5166666666666667,0.5166666666666667,0.5166666666666667,0.65,0.5,0.46778192520141604,0.020669937133789062
sqrt,5,0.0464159,0.7,10,0.54,0.055377492419453826,703,0.5166666666666667,0.5166666666666667,0.5166666666666667,0.65,0.5,0.4699442386627197,0.020885658264160157
sqrt,5,0.0464159,0.7,20,0.5866666666666667,0.1343296111973992,533,0.43333333333333335,0.5333333333333333,0.5333333333333333,0.8333333333333333,0.6,0.47714691162109374,0.02222719192504883
sqrt,5,0.0464159,0.7,50,0.5733333333333334,0.16885233522551918,586,0.7,0.26666666666666666,0.55,0.75,0.6000000000000001,0.4775420665740967,0.02094578742980957
sqrt,5,0.0464159,0.9,5,0.54,0.055377492419453826,703,0.5166666666666667,0.5166666666666667,0.5166666666666667,0.65,0.5,0.4674670219421387,0.020757007598876952
sqrt,5,0.0464159,0.9,10,0.54,0.055377492419453826,703,0.5166666666666667,0.5166666666666667,0.5166666666666667,0.65,0.5,0.4681175708770752,0.02086052894592285
sqrt,5,0.0464159,0.9,20,0.5866666666666667,0.1343296111973992,533,0.43333333333333335,0.5333333333333333,0.5333333333333333,0.8333333333333333,0.6,0.47080178260803224,0.020879840850830077
sqrt,5,0.0464159,0.9,50,0.5733333333333334,0.16885233522551918,586,0.7,0.26666666666666666,0.55,0.75,0.6000000000000001,0.4772176265716553,0.020733404159545898
sqrt,5,0.16681,0.1,5,0.6266666666666667,0.10143416036468626,440,0.6333333333333333,0.7166666666666667,0.45,0.7333333333333334,0.6,0.5202296257019043,0.02073812484741211
sqrt,5,0.16681,0.1,10,0.5833333333333333,0.11205157542647741,582,0.7166666666666667,0.7166666666666667,0.45,0.5333333333333333,0.5,0.5267946243286132,0.02090282440185547
sqrt,5,0.16681,0.1,20,0.72,0.1330830985178475,209,0.7166666666666667,0.9,0.55,0.8333333333333333,0.6,0.5222964286804199,0.020941972732543945
sqrt,5,0.16681,0.1,50,0.7,0.14414498873626433,269,0.8166666666666667,0.8,0.55,0.8333333333333333,0.5,0.5273121356964111,0.020739364624023437
sqrt,5,0.16681,0.3,5,0.6266666666666667,0.19624248039380032,440,1.0,0.6333333333333333,0.45,0.55,0.5,0.5241078853607177,0.02076106071472168
sqrt,5,0.16681,0.3,10,0.6666666666666667,0.0960324019392529,346,0.6333333333333333,0.8166666666666667,0.55,0.7333333333333334,0.6,0.5260988235473633,0.020851659774780273
sqrt,5,0.16681,0.3,20,0.7200000000000001,0.20259428532030327,203,0.9166666666666667,0.9,0.45,0.8333333333333333,0.5,0.5279604434967041,0.02068948745727539
sqrt,5,0.16681,0.3,50,0.74,0.13848385385227321,136,0.8166666666666667,0.9,0.55,0.8333333333333333,0.6000000000000001,0.5339385509490967,0.020626592636108398
sqrt,5,0.16681,0.5,5,0.6866666666666668,0.19419348884839346,304,1.0,0.6333333333333333,0.45,0.55,0.8,0.530257272720337,0.02059311866760254
sqrt,5,0.16681,0.5,10,0.7233333333333334,0.13316656236958785,170,0.7333333333333334,0.9,0.55,0.8333333333333333,0.6,0.5323884963989258,0.02103414535522461
sqrt,5,0.16681,0.5,20,0.68,0.168457050246577,324,0.8166666666666667,0.8,0.45,0.8333333333333333,0.5,0.5338521957397461,0.020995187759399413
sqrt,5,0.16681,0.5,50,0.72,0.168457050246577,209,0.8166666666666667,0.9,0.45,0.8333333333333333,0.6000000000000001,0.5390274047851562,0.020680999755859374
sqrt,5,0.16681,0.7,5,0.7233333333333334,0.14476033833738974,170,0.8166666666666667,0.8166666666666667,0.45,0.8333333333333333,0.7,0.5310304164886475,0.02064509391784668
sqrt,5,0.16681,0.7,10,0.7799999999999999,0.1199073716573663,43,0.8166666666666667,0.9,0.55,0.8333333333333333,0.8,0.5345847606658936,0.020868587493896484
sqrt,5,0.16681,0.7,20,0.7,0.1864880097426582,269,0.8166666666666667,0.9,0.45,0.8333333333333333,0.5,0.5370063304901123,0.0208127498626709
sqrt,5,0.16681,0.7,50,0.7766666666666666,0.12631530214330944,50,0.8166666666666667,0.9,0.5333333333333333,0.8333333333333333,0.8,0.541932487487793,0.02088322639465332
sqrt,5,0.16681,0.9,5,0.6366666666666667,0.13349989596333856,422,0.6666666666666666,0.5333333333333333,0.45,0.8333333333333333,0.7,0.5471365451812744,0.02104344367980957
sqrt,5,0.16681,0.9,10,0.7233333333333334,0.1540562667772179,170,0.7333333333333334,0.9,0.45,0.8333333333333333,0.7,0.5467393398284912,0.02095141410827637
sqrt,5,0.16681,0.9,20,0.7566666666666667,0.11813363431112901,95,0.8166666666666667,0.9,0.6333333333333333,0.8333333333333333,0.6,0.5485745906829834,0.020816802978515625
sqrt,5,0.16681,0.9,50,0.7766666666666666,0.12631530214330944,50,0.8166666666666667,0.9,0.5333333333333333,0.8333333333333333,0.8,0.5530781269073486,0.0209136962890625
sqrt,5,0.599484,0.1,5,0.6233333333333333,0.09865765724632494,442,0.6333333333333333,0.7,0.45,0.7333333333333334,0.6,0.5865761756896972,0.02092580795288086
sqrt,5,0.599484,0.1,10,0.7,0.10954451150103321,269,0.7166666666666667,0.8166666666666667,0.55,0.8166666666666667,0.6,0.5927884101867675,0.020996665954589842
sqrt,5,0.599484,0.1,20,0.7,0.11595018087284058,269,0.7166666666666667,0.9,0.55,0.6333333333333333,0.7,0.5995823860168457,0.020739364624023437
sqrt,5,0.599484,0.1,50,0.7,0.14414498873626433,269,0.8166666666666667,0.8,0.55,0.8333333333333333,0.5,0.5976718902587891,0.020967864990234376
sqrt,5,0.599484,0.3,5,0.6433333333333333,0.12229290885229427,406,0.6333333333333333,0.8166666666666667,0.45,0.7166666666666667,0.6,0.6099254608154296,0.020865345001220705
sqrt,5,0.599484,0.3,10,0.6433333333333333,0.10780641085864152,406,0.7166666666666667,0.8166666666666667,0.55,0.5333333333333333,0.6,0.6123961448669434,0.020842361450195312
sqrt,5,0.599484,0.3,20,0.7633333333333332,0.12174654911833115,67,0.7166666666666667,0.8166666666666667,0.55,0.8333333333333333,0.9,0.6125233173370361,0.020926618576049806
sqrt,5,0.599484,0.3,50,0.7,0.1864880097426582,269,0.8166666666666667,0.9,0.45,0.8333333333333333,0.5,0.6187258243560791,0.0209017276763916
sqrt,5,0.599484,0.5,5,0.6433333333333333,0.12229290885229428,406,0.8166666666666667,0.7166666666666667,0.45,0.6333333333333333,0.6,0.6306448936462402,0.020819711685180663
sqrt,5,0.599484,0.5,10,0.6866666666666668,0.12445436468396313,304,0.7333333333333334,0.8166666666666667,0.45,0.7333333333333334,0.7,0.6328763484954834,0.020977497100830078
sqrt,5,0.599484,0.5,20,0.6866666666666666,0.10077477638553982,310,0.7166666666666667,0.7333333333333334,0.55,0.8333333333333333,0.6,0.6389504909515381,0.020984506607055663
sqrt,5,0.599484,0.5,50,0.76,0.15867506980549206,76,0.8166666666666667,0.9,0.45,0.8333333333333333,0.8,0.6386844158172608,0.020871877670288086
sqrt,5,0.599484,0.7,5,0.6866666666666668,0.12710450643291743,304,0.7333333333333334,0.7166666666666667,0.45,0.8333333333333333,0.7,0.6688323020935059,0.020789670944213866
sqrt,5,0.599484,0.7,10,0.7033333333333334,0.16206994374857625,240,0.7333333333333334,0.9,0.45,0.8333333333333333,0.6,0.667513084411621,0.020794677734375
sqrt,5,0.599484,0.7,20,0.6866666666666666,0.10077477638553982,310,0.7166666666666667,0.7333333333333334,0.55,0.8333333333333333,0.6,0.67018141746521,0.020923471450805663
sqrt,5,0.599484,0.7,50,0.7533333333333334,0.11661903789690599,98,0.8,0.9,0.6333333333333333,0.8333333333333333,0.6000000000000001,0.6735858917236328,0.021059131622314452
sqrt,5,0.599484,0.9,5,0.6833333333333333,0.12649110640673517,312,0.7333333333333334,0.7,0.45,0.8333333333333333,0.7,0.6840364456176757,0.020760536193847656
sqrt,5,0.599484,0.9,10,0.7033333333333334,0.15790292376436013,240,0.6333333333333333,0.9,0.45,0.8333333333333333,0.7,0.6865432262420654,0.020766401290893556
sqrt,5,0.599484,0.9,20,0.6599999999999999,0.1565602475442317,378,0.7166666666666667,0.8,0.45,0.8333333333333333,0.5,0.6893152713775634,0.02083902359008789
sqrt,5,0.599484,0.9,50,0.7333333333333333,0.1414213562373095,164,0.8,0.9,0.5333333333333333,0.8333333333333333,0.6,0.6945480346679688,0.020888280868530274
sqrt,5,2.15443,0.1,5,0.5700000000000001,0.06616477747093068,604,0.55,0.6166666666666667,0.45,0.6333333333333333,0.6,0.7032750129699707,0.020809221267700195
sqrt,5,2.15443,0.1,10,0.6399999999999999,0.12046207333061766,417,0.6333333333333333,0.7,0.45,0.8166666666666667,0.6,0.7037103176116943,0.02082405090332031
sqrt,5,2.15443,0.1,20,0.66,0.14087031072743628,373,0.7166666666666667,0.9,0.55,0.6333333333333333,0.5,0.7054914951324462,0.020836687088012694
sqrt,5,2.15443,0.1,50,0.7366666666666666,0.1367885635245546,162,0.9,0.8,0.55,0.8333333333333333,0.6,0.7091000080108643,0.020849847793579103
sqrt,5,2.15443,0.3,5,0.66,0.12587471725666138,373,0.8166666666666667,0.7,0.45,0.7333333333333334,0.6,0.7585132598876954,0.020884943008422852
sqrt,5,2.15443,0.3,10,0.7000000000000001,0.10697871023920809,259,0.8,0.8166666666666667,0.55,0.7333333333333334,0.6,0.7606402397155761,0.020813751220703124
sqrt,5,2.15443,0.3,20,0.6633333333333332,0.16579773487261182,371,0.7166666666666667,0.8166666666666667,0.55,0.8333333333333333,0.4,0.7690568447113038,0.021015453338623046
sqrt,5,2.15443,0.3,50,0.6766666666666666,0.21771541057077243,342,0.7166666666666667,0.9,0.45,0.9166666666666667,0.4,0.7667275428771972,0.020682573318481445
sqrt,5,2.15443,0.5,5,0.6599999999999999,0.12543258481484518,378,0.8166666666666667,0.7166666666666667,0.45,0.7166666666666667,0.6,0.8069258689880371,0.020816755294799805
sqrt,5,2.15443,0.5,10,0.6633333333333333,0.12710450643291746,353,0.7166666666666667,0.8166666666666667,0.45,0.7333333333333334,0.6,0.8109889030456543,0.020969676971435546
sqrt,5,2.15443,0.5,20,0.7000000000000001,0.12156388352540314,259,0.7166666666666667,0.9,0.55,0.7333333333333334,0.6,0.8093159198760986,0.02077937126159668
sqrt,5,2.15443,0.5,50,0.7233333333333334,0.12274635093014642,170,0.8333333333333333,0.8,0.55,0.8333333333333333,0.6,0.8144775867462158,0.021007299423217773
sqrt,5,2.15443,0.7,5,0.6633333333333333,0.15326085243430201,353,0.9166666666666667,0.7166666666666667,0.45,0.6333333333333333,0.6,0.8779472351074219,0.020956802368164062
sqrt,5,2.15443,0.7,10,0.6033333333333333,0.15755069730795296,522,0.7166666666666667,0.8166666666666667,0.45,0.6333333333333333,0.4,0.8845770359039307,0.020772933959960938
sqrt,5,2.15443,0.7,20,0.76,0.12046207333061765,76,0.7166666666666667,0.9,0.55,0.8333333333333333,0.8,0.8853908538818359,0.020850753784179686
sqrt,5,2.15443,0.7,50,0.68,0.168457050246577,324,0.8166666666666667,0.8,0.45,0.8333333333333333,0.5,0.890086555480957,0.020834684371948242
sqrt,5,2.15443,0.9,5,0.6633333333333333,0.15326085243430201,353,0.9166666666666667,0.7166666666666667,0.45,0.6333333333333333,0.6,0.9265581130981445,0.02079010009765625
sqrt,5,2.15443,0.9,10,0.6066666666666667,0.12229290885229427,495,0.6333333333333333,0.8166666666666667,0.45,0.5333333333333333,0.6,0.930762529373169,0.020818185806274415
sqrt,5,2.15443,0.9,20,0.7166666666666667,0.13038404810405296,229,0.7166666666666667,0.9,0.55,0.8166666666666667,0.6,0.9333543300628662,0.020943975448608397
sqrt,5,2.15443,0.9,50,0.7366666666666667,0.14391355429948602,158,0.8,0.8,0.45,0.8333333333333333,0.8,0.9331916332244873,0.020987176895141603
sqrt,5,7.74264,0.1,5,0.53,0.09854496999396321,769,0.45,0.5333333333333333,0.45,0.7166666666666667,0.5,0.770504093170166,0.02081723213195801
sqrt,5,7.74264,0.1,10,0.6566666666666667,0.15297058540778355,384,0.8166666666666667,0.8,0.45,0.7166666666666667,0.5,0.7754231452941894,0.020850229263305663
sqrt,5,7.74264,0.1,20,0.7033333333333334,0.08653836657164779,240,0.7166666666666667,0.8166666666666667,0.55,0.7333333333333334,0.7,0.7824837684631347,0.020935964584350587
sqrt,5,7.74264,0.1,50,0.74,0.13848385385227321,136,0.8166666666666667,0.9,0.55,0.8333333333333333,0.6000000000000001,0.7792493343353272,0.020950508117675782
sqrt,5,7.74264,0.3,5,0.64,0.12274635093014645,415,0.8166666666666667,0.6166666666666667,0.45,0.7166666666666667,0.6,0.9531111717224121,0.02126460075378418
sqrt,5,7.74264,0.3,10,0.7,0.10954451150103321,269,0.8166666666666667,0.7166666666666667,0.55,0.8166666666666667,0.6,0.958233642578125,0.020894861221313475
sqrt,5,7.74264,0.3,20,0.6799999999999999,0.09451631252505216,332,0.7166666666666667,0.8166666666666667,0.55,0.7166666666666667,0.6,0.9616421222686767,0.020880985260009765
sqrt,5,7.74264,0.3,50,0.7366666666666667,0.17682382946499794,158,0.8166666666666667,0.9,0.55,0.9166666666666667,0.5,0.9604719161987305,0.020948457717895507
sqrt,5,7.74264,0.5,5,0.6433333333333333,0.10832051206181283,406,0.7333333333333334,0.7,0.45,0.7333333333333334,0.6,1.013043260574341,0.020762014389038085
sqrt,5,7.74264,0.5,10,0.6433333333333334,0.0703957069398096,404,0.7166666666666667,0.6166666666666667,0.55,0.7333333333333334,0.6,1.0208430767059327,0.02084197998046875
sqrt,5,7.74264,0.5,20,0.6599999999999999,0.11718930554164629,378,0.7166666666666667,0.8166666666666667,0.55,0.7166666666666667,0.5,1.022619867324829,0.020992422103881837
sqrt,5,7.74264,0.5,50,0.72,0.16241236953439775,209,0.8166666666666667,0.9,0.55,0.8333333333333333,0.5,1.0267714977264404,0.021577119827270508
sqrt,5,7.74264,0.7,5,0.6399999999999999,0.14047538337136983,417,0.8166666666666667,0.7166666666666667,0.45,0.7166666666666667,0.5,1.070335054397583,0.02081012725830078
sqrt,5,7.74264,0.7,10,0.6633333333333333,0.12710450643291746,353,0.7166666666666667,0.8166666666666667,0.45,0.7333333333333334,0.6,1.0711082935333252,0.02070469856262207
sqrt,5,7.74264,0.7,20,0.6599999999999999,0.1147945023848171,378,0.7166666666666667,0.8,0.55,0.7333333333333334,0.5,1.0729678630828858,0.02097330093383789
sqrt,5,7.74264,0.7,50,0.7,0.1864880097426582,269,0.8166666666666667,0.9,0.45,0.8333333333333333,0.5,1.0764795303344727,0.02081780433654785
sqrt,5,7.74264,0.9,5,0.6433333333333333,0.11382247385975915,406,0.8166666666666667,0.7166666666666667,0.55,0.6333333333333333,0.5,1.1550408840179442,0.020879650115966798
sqrt,5,7.74264,0.9,10,0.6799999999999999,0.13999999999999999,332,0.7166666666666667,0.8166666666666667,0.45,0.8166666666666667,0.6,1.1535758018493651,0.020629310607910158
sqrt,5,7.74264,0.9,20,0.68,0.14275075403575904,324,0.7166666666666667,0.9,0.55,0.7333333333333334,0.5,1.1550071239471436,0.021179580688476564
sqrt,5,7.74264,0.9,50,0.72,0.16241236953439775,209,0.8166666666666667,0.9,0.55,0.8333333333333333,0.5,1.1605459690093993,0.020938634872436523
sqrt,5,27.8256,0.1,5,0.48999999999999994,0.1147945023848171,798,0.45,0.43333333333333335,0.45,0.7166666666666667,0.4,0.7712319850921631,0.020892810821533204
sqrt,5,27.8256,0.1,10,0.57,0.07916228058025276,624,0.6333333333333333,0.6333333333333333,0.45,0.6333333333333333,0.5,0.7745831966400146,0.02086296081542969
sqrt,5,27.8256,0.1,20,0.7000000000000001,0.12156388352540314,259,0.7166666666666667,0.9,0.55,0.7333333333333334,0.6,0.7778163433074952,0.020826005935668947
sqrt,5,27.8256,0.1,50,0.7366666666666667,0.17682382946499794,158,0.8166666666666667,0.9,0.55,0.9166666666666667,0.5,0.7833549022674561,0.020894527435302734
sqrt,5,27.8256,0.3,5,0.51,0.11185307823708343,787,0.45,0.5333333333333333,0.45,0.7166666666666667,0.4,0.9010755538940429,0.02202897071838379
sqrt,5,27.8256,0.3,10,0.6366666666666666,0.13638181696985857,423,0.7166666666666667,0.8,0.45,0.7166666666666667,0.5,0.9005555629730224,0.020855283737182616
sqrt,5,27.8256,0.3,20,0.7399999999999999,0.10198039027185568,156,0.7166666666666667,0.8166666666666667,0.55,0.8166666666666667,0.8,0.9040453910827637,0.021001911163330077
sqrt,5,27.8256,0.3,50,0.72,0.1330830985178475,209,0.7166666666666667,0.9,0.55,0.8333333333333333,0.6,0.9068917751312255,0.020935678482055665
sqrt,5,27.8256,0.5,5,0.5700000000000001,0.08781293248212993,604,0.55,0.5333333333333333,0.45,0.7166666666666667,0.6,1.0333294868469238,0.020911169052124024
sqrt,5,27.8256,0.5,10,0.6566666666666666,0.15513435037626794,387,0.8166666666666667,0.7,0.45,0.8166666666666667,0.5,1.0374888896942138,0.02186141014099121
sqrt,5,27.8256,0.5,20,0.7,0.10954451150103321,269,0.7166666666666667,0.8166666666666667,0.55,0.8166666666666667,0.6,1.0416491031646729,0.02179441452026367
sqrt,5,27.8256,0.5,50,0.6799999999999999,0.1330830985178475,332,0.7166666666666667,0.8,0.55,0.8333333333333333,0.5,1.0450188636779785,0.020919036865234376
sqrt,5,27.8256,0.7,5,0.62,0.09797958971132713,478,0.7166666666666667,0.6166666666666667,0.45,0.7166666666666667,0.6,1.125270414352417,0.020762300491333006
sqrt,5,27.8256,0.7,10,0.6633333333333333,0.09392668535736913,353,0.6333333333333333,0.7166666666666667,0.55,0.8166666666666667,0.6,1.126286506652832,0.020818614959716798
sqrt,5,27.8256,0.7,20,0.6966666666666668,0.12083045973594572,296,0.7166666666666667,0.9,0.55,0.7166666666666667,0.6,1.1310671806335448,0.0209810733795166
sqrt,5,27.8256,0.7,50,0.74,0.13848385385227324,136,0.8166666666666667,0.9,0.55,0.8333333333333333,0.6,1.1334218978881836,0.02088007926940918
sqrt,5,27.8256,0.9,5,0.6066666666666667,0.09104333522498444,495,0.7333333333333334,0.6166666666666667,0.45,0.6333333333333333,0.6,1.209770965576172,0.021014070510864256
sqrt,5,27.8256,0.9,10,0.6633333333333333,0.07408703590297623,353,0.7166666666666667,0.7166666666666667,0.55,0.7333333333333334,0.6,1.209581184387207,0.020799636840820312
sqrt,5,27.8256,0.9,20,0.68,0.12265579661982734,324,0.7166666666666667,0.9,0.55,0.6333333333333333,0.6,1.2121257781982422,0.02078900337219238
sqrt,5,27.8256,0.9,50,0.7,0.14414498873626433,269,0.8166666666666667,0.8,0.55,0.8333333333333333,0.5,1.2166995048522948,0.020977544784545898
sqrt,5,100.0,0.1,5,0.53,0.11125546178852423,769,0.45,0.43333333333333335,0.45,0.7166666666666667,0.6,0.8297502517700195,0.02091188430786133
sqrt,5,100.0,0.1,10,0.57,0.09510228411791403,624,0.55,0.7166666666666667,0.45,0.6333333333333333,0.5,0.8315277576446534,0.021024227142333984
sqrt,5,100.0,0.1,20,0.7000000000000001,0.12156388352540314,259,0.7166666666666667,0.9,0.55,0.7333333333333334,0.6,0.8386981010437011,0.020950508117675782
sqrt,5,100.0,0.1,50,0.76,0.12319812408384218,76,0.8166666666666667,0.9,0.55,0.8333333333333333,0.7,0.8457878589630127,0.021056509017944335
sqrt,5,100.0,0.3,5,0.48999999999999994,0.1147945023848171,798,0.45,0.43333333333333335,0.45,0.7166666666666667,0.4,0.8307651042938232,0.02078251838684082
sqrt,5,100.0,0.3,10,0.5499999999999999,0.10327955589886444,681,0.6333333333333333,0.6333333333333333,0.45,0.6333333333333333,0.4,0.8332282066345215,0.02115497589111328
sqrt,5,100.0,0.3,20,0.7200000000000001,0.11125546178852425,203,0.7166666666666667,0.9,0.55,0.7333333333333334,0.7,0.8361440181732178,0.02089667320251465
sqrt,5,100.0,0.3,50,0.74,0.10572501018102468,136,0.8166666666666667,0.8,0.55,0.8333333333333333,0.7,0.839015531539917,0.020813560485839842
sqrt,5,100.0,0.5,5,0.48999999999999994,0.1147945023848171,798,0.45,0.43333333333333335,0.45,0.7166666666666667,0.4,0.8524946689605712,0.02096700668334961
sqrt,5,100.0,0.5,10,0.57,0.07916228058025276,624,0.6333333333333333,0.6333333333333333,0.45,0.6333333333333333,0.5,0.8538788318634033,0.0209075927734375
sqrt,5,100.0,0.5,20,0.72,0.11944315244779277,209,0.8166666666666667,0.8166666666666667,0.55,0.8166666666666667,0.6,0.8583994388580323,0.02087883949279785
sqrt,5,100.0,0.5,50,0.7200000000000001,0.16411378166788226,203,0.8166666666666667,0.8166666666666667,0.55,0.9166666666666667,0.5,0.863798713684082,0.020947885513305665
sqrt,5,100.0,0.7,5,0.51,0.11185307823708343,787,0.45,0.5333333333333333,0.45,0.7166666666666667,0.4,0.8901445865631104,0.02099437713623047
sqrt,5,100.0,0.7,10,0.62,0.1305543735171076,478,0.6333333333333333,0.8,0.45,0.7166666666666667,0.5,0.8942498683929443,0.02077932357788086
sqrt,5,100.0,0.7,20,0.7,0.10954451150103321,269,0.7166666666666667,0.8166666666666667,0.55,0.8166666666666667,0.6,0.8933669567108155,0.020890092849731444
sqrt,5,100.0,0.7,50,0.7200000000000001,0.16411378166788226,203,0.8166666666666667,0.8166666666666667,0.55,0.9166666666666667,0.5,0.8964059352874756,0.020999574661254884
sqrt,5,100.0,0.9,5,0.51,0.11185307823708343,787,0.45,0.5333333333333333,0.45,0.7166666666666667,0.4,0.9593795299530029,0.021066665649414062
sqrt,5,100.0,0.9,10,0.6366666666666666,0.13638181696985857,423,0.7166666666666667,0.8,0.45,0.7166666666666667,0.5,0.9629695892333985,0.020919418334960936
sqrt,5,100.0,0.9,20,0.7,0.10954451150103321,269,0.7166666666666667,0.8166666666666667,0.55,0.8166666666666667,0.6,0.9625164031982422,0.0210324764251709
sqrt,5,100.0,0.9,50,0.74,0.13848385385227324,136,0.8166666666666667,0.9,0.55,0.8333333333333333,0.6,0.9666491985321045,0.02082986831665039
0.3,1,0.001,0.1,5,0.6233333333333333,0.18932629094883902,442,0.7,0.45,0.35,0.8166666666666667,0.8,0.4782240390777588,0.020962047576904296
0.3,1,0.001,0.1,10,0.5866666666666666,0.21328124364061854,550,0.6166666666666667,0.3333333333333333,0.35,0.8333333333333333,0.8,0.4853778839111328,0.021052742004394533
0.3,1,0.001,0.1,20,0.5433333333333333,0.15224249662225645,687,0.45,0.45,0.3666666666666667,0.75,0.7,0.4973170757293701,0.020984601974487305
0.3,1,0.001,0.1,50,0.55,0.11737877907772672,665,0.7,0.3666666666666667,0.5333333333333333,0.65,0.5,0.5107351779937744,0.02094693183898926
0.3,1,0.001,0.3,5,0.6233333333333333,0.18932629094883902,442,0.7,0.45,0.35,0.8166666666666667,0.8,0.4783005237579346,0.021226978302001952
0.3,1,0.001,0.3,10,0.5866666666666666,0.21328124364061854,550,0.6166666666666667,0.3333333333333333,0.35,0.8333333333333333,0.8,0.4861170768737793,0.021145105361938477
0.3,1,0.001,0.3,20,0.5433333333333333,0.15224249662225645,687,0.45,0.45,0.3666666666666667,0.75,0.7,0.49648294448852537,0.021215438842773438
0.3,1,0.001,0.3,50,0.55,0.11737877907772672,665,0.7,0.3666666666666667,0.5333333333333333,0.65,0.5,0.5134216785430908,0.020905256271362305
0.3,1,0.001,0.5,5,0.6233333333333333,0.18932629094883902,442,0.7,0.45,0.35,0.8166666666666667,0.8,0.4775835037231445,0.021224212646484376
0.3,1,0.001,0.5,10,0.5866666666666666,0.21328124364061854,550,0.6166666666666667,0.3333333333333333,0.35,0.8333333333333333,0.8,0.48690071105957033,0.021689558029174806
0.3,1,0.001,0.5,20,0.5433333333333333,0.15224249662225645,687,0.45,0.45,0.3666666666666667,0.75,0.7,0.49757776260375974,0.021044921875
0.3,1,0.001,0.5,50,0.55,0.11737877907772672,665,0.7,0.3666666666666667,0.5333333333333333,0.65,0.5,0.5116708755493165,0.02107272148132324
0.3,1,0.001,0.7,5,0.6233333333333333,0.18932629094883902,442,0.7,0.45,0.35,0.8166666666666667,0.8,0.4804978847503662,0.02087368965148926
0.3,1,0.001,0.7,10,0.5866666666666666,0.21328124364061854,550,0.6166666666666667,0.3333333333333333,0.35,0.8333333333333333,0.8,0.4861001968383789,0.021158742904663085
0.3,1,0.001,0.7,20,0.5433333333333333,0.15224249662225645,687,0.45,0.45,0.3666666666666667,0.75,0.7,0.49582500457763673,0.021019554138183592
0.3,1,0.001,0.7,50,0.55,0.11737877907772672,665,0.7,0.3666666666666667,0.5333333333333333,0.65,0.5,0.5105898380279541,0.021026039123535158
0.3,1,0.001,0.9,5,0.6233333333333333,0.18932629094883902,442,0.7,0.45,0.35,0.8166666666666667,0.8,0.4783432960510254,0.021196842193603516
0.3,1,0.001,0.9,10,0.5866666666666666,0.21328124364061854,550,0.6166666666666667,0.3333333333333333,0.35,0.8333333333333333,0.8,0.48648438453674314,0.021101713180541992
0.3,1,0.001,0.9,20,0.5433333333333333,0.15224249662225645,687,0.45,0.45,0.3666666666666667,0.75,0.7,0.4989003658294678,0.021274852752685546
0.3,1,0.001,0.9,50,0.55,0.11737877907772672,665,0.7,0.3666666666666667,0.5333333333333333,0.65,0.5,0.5108291149139405,0.0209716796875
0.3,1,0.00359381,0.1,5,0.6233333333333333,0.18932629094883902,442,0.7,0.45,0.35,0.8166666666666667,0.8,0.48013625144958494,0.021132278442382812
0.3,1,0.00359381,0.1,10,0.5866666666666666,0.21328124364061854,550,0.6166666666666667,0.3333333333333333,0.35,0.8333333333333333,0.8,0.48524937629699705,0.02138376235961914
0.3,1,0.00359381,0.1,20,0.5433333333333333,0.15224249662225645,687,0.45,0.45,0.3666666666666667,0.75,0.7,0.49514155387878417,0.021255683898925782
0.3,1,0.00359381,0.1,50,0.55,0.11737877907772672,665,0.7,0.3666666666666667,0.5333333333333333,0.65,0.5,0.5101485252380371,0.021103286743164064
0.3,1,0.00359381,0.3,5,0.6233333333333333,0.18932629094883902,442,0.7,0.45,0.35,0.8166666666666667,0.8,0.4780304431915283,0.02106442451477051
0.3,1,0.00359381,0.3,10,0.5866666666666666,0.21328124364061854,550,0.6166666666666667,0.3333333333333333,0.35,0.8333333333333333,0.8,0.48212342262268065,0.021298646926879883
0.3,1,0.00359381,0.3,20,0.5433333333333333,0.15224249662225645,687,0.45,0.45,0.3666666666666667,0.75,0.7,0.49446988105773926,0.02099294662475586
0.3,1,0.00359381,0.3,50,0.55,0.11737877907772672,665,0.7,0.3666666666666667,0.5333333333333333,0.65,0.5,0.5098109722137452,0.020963764190673827
0.3,1,0.00359381,0.5,5,0.6233333333333333,0.18932629094883902,442,0.7,0.45,0.35,0.8166666666666667,0.8,0.47662696838378904,0.021016788482666016
0.3,1,0.00359381,0.5,10,0.5866666666666666,0.21328124364061854,550,0.6166666666666667,0.3333333333333333,0.35,0.8333333333333333,0.8,0.4826032638549805,0.021330547332763673
0.3,1,0.00359381,0.5,20,0.5433333333333333,0.15224249662225645,687,0.45,0.45,0.3666666666666667,0.75,0.7,0.49339118003845217,0.02105288505554199
0.3,1,0.00359381,0.5,50,0.55,0.11737877907772672,665,0.7,0.3666666666666667,0.5333333333333333,0.65,0.5,0.5087065696716309,0.021036720275878905
0.3,1,0.00359381,0.7,5,0.6233333333333333,0.18932629094883902,442,0.7,0.45,0.35,0.8166666666666667,0.8,0.4766249179840088,0.021474075317382813
0.3,1,0.00359381,0.7,10,0.5866666666666666,0.21328124364061854,550,0.6166666666666667,0.3333333333333333,0.35,0.8333333333333333,0.8,0.4824666976928711,0.021401262283325194
0.3,1,0.00359381,0.7,20,0.5433333333333333,0.15224249662225645,687,0.45,0.45,0.3666666666666667,0.75,0.7,0.493894624710083,0.021396541595458986
0.3,1,0.00359381,0.7,50,0.55,0.11737877907772672,665,0.7,0.3666666666666667,0.5333333333333333,0.65,0.5,0.5086358547210693,0.02106194496154785
0.3,1,0.00359381,0.9,5,0.6233333333333333,0.18932629094883902,442,0.7,0.45,0.35,0.8166666666666667,0.8,0.4755087375640869,0.021134376525878906
0.3,1,0.00359381,0.9,10,0.5866666666666666,0.21328124364061854,550,0.6166666666666667,0.3333333333333333,0.35,0.8333333333333333,0.8,0.4824191093444824,0.020976972579956055
0.3,1,0.00359381,0.9,20,0.5433333333333333,0.15224249662225645,687,0.45,0.45,0.3666666666666667,0.75,0.7,0.49411873817443847,0.021197032928466798
0.3,1,0.00359381,0.9,50,0.55,0.11737877907772672,665,0.7,0.3666666666666667,0.5333333333333333,0.65,0.5,0.5085666179656982,0.021081304550170897
0.3,1,0.0129155,0.1,5,0.7066666666666667,0.16006942938057292,235,0.6166666666666667,0.7333333333333334,0.45,0.8333333333333333,0.9,0.48113360404968264,0.021032142639160156
0.3,1,0.0129155,0.1,10,0.7033333333333334,0.18867962264113206,240,0.8333333333333333,0.9,0.45,0.8333333333333333,0.5,0.49019718170166016,0.021031951904296874
0.3,1,0.0129155,0.1,20,0.7600000000000001,0.17275544693133255,72,0.9166666666666667,0.9,0.45,0.8333333333333333,0.7,0.4997870922088623,0.02112545967102051
0.3,1,0.0129155,0.1,50,0.7633333333333333,0.12489995996796795,58,0.8333333333333333,0.9,0.55,0.8333333333333333,0.7,0.5144674777984619,0.020979022979736327
0.3,1,0.0129155,0.3,5,0.6233333333333333,0.18932629094883902,442,0.7,0.45,0.35,0.8166666666666667,0.8,0.4819945335388184,0.020942878723144532
0.3,1,0.0129155,0.3,10,0.5866666666666666,0.21328124364061854,550,0.6166666666666667,0.3333333333333333,0.35,0.8333333333333333,0.8,0.4846627712249756,0.02133655548095703
0.3,1,0.0129155,0.3,20,0.5433333333333333,0.15224249662225645,687,0.45,0.45,0.3666666666666667,0.75,0.7,0.49657421112060546,0.020987606048583983
0.3,1,0.0129155,0.3,50,0.55,0.11737877907772672,665,0.7,0.3666666666666667,0.5333333333333333,0.65,0.5,0.510727834701538,0.0212310791015625
0.3,1,0.0129155,0.5,5,0.6233333333333333,0.18932629094883902,442,0.7,0.45,0.35,0.8166666666666667,0.8,0.4771701812744141,0.021041679382324218
0.3,1,0.0129155,0.5,10,0.5866666666666666,0.21328124364061854,550,0.6166666666666667,0.3333333333333333,0.35,0.8333333333333333,0.8,0.4860199451446533,0.02102484703063965
0.3,1,0.0129155,0.5,20,0.5433333333333333,0.15224249662225645,687,0.45,0.45,0.3666666666666667,0.75,0.7,0.49634103775024413,0.021044254302978516
0.3,1,0.0129155,0.5,50,0.55,0.11737877907772672,665,0.7,0.3666666666666667,0.5333333333333333,0.65,0.5,0.524058198928833,0.02097606658935547
0.3,1,0.0129155,0.7,5,0.6233333333333333,0.18932629094883902,442,0.7,0.45,0.35,0.8166666666666667,0.8,0.47761950492858884,0.021030092239379884
0.3,1,0.0129155,0.7,10,0.5866666666666666,0.21328124364061854,550,0.6166666666666667,0.3333333333333333,0.35,0.8333333333333333,0.8,0.4851876735687256,0.020902395248413086
0.3,1,0.0129155,0.7,20,0.5433333333333333,0.15224249662225645,687,0.45,0.45,0.3666666666666667,0.75,0.7,0.4968873977661133,0.021027755737304688
0.3,1,0.0129155,0.7,50,0.55,0.11737877907772672,665,0.7,0.3666666666666667,0.5333333333333333,0.65,0.5,0.5101720333099365,0.020911502838134765
0.3,1,0.0129155,0.9,5,0.6233333333333333,0.18932629094883902,442,0.7,0.45,0.35,0.8166666666666667,0.8,0.47765774726867677,0.021210670471191406
0.3,1,0.0129155,0.9,10,0.5866666666666666,0.21328124364061854,550,0.6166666666666667,0.3333333333333333,0.35,0.8333333333333333,0.8,0.4833259105682373,0.02105884552001953
0.3,1,0.0129155,0.9,20,0.5433333333333333,0.15224249662225645,687,0.45,0.45,0.3666666666666667,0.75,0.7,0.49498348236083983,0.021057701110839842
0.3,1,0.0129155,0.9,50,0.55,0.11737877907772672,665,0.7,0.3666666666666667,0.5333333333333333,0.65,0.5,0.510542345046997,0.021046972274780272
0.3,1,0.0464159,0.1,5,0.6433333333333333,0.14243907079481,406,0.7166666666666667,0.8166666666666667,0.45,0.7333333333333334,0.5,0.4950709342956543,0.021032285690307618
0.3,1,0.0464159,0.1,10,0.7466666666666667,0.11025223605694148,99,0.8333333333333333,0.8166666666666667,0.55,0.8333333333333333,0.7,0.4994507312774658,0.021003913879394532
0.3,1,0.0464159,0.1,20,0.7633333333333333,0.12489995996796795,58,0.8333333333333333,0.9,0.55,0.8333333333333333,0.7,0.5059545040130615,0.020957136154174806
0.3,1,0.0464159,0.1,50,0.7233333333333333,0.16619934483090545,187,0.9166666666666667,0.8166666666666667,0.55,0.8333333333333333,0.5,0.5211491107940673,0.02080230712890625
0.3,1,0.0464159,0.3,5,0.6233333333333333,0.14007934259633792,442,0.6166666666666667,0.7166666666666667,0.45,0.8333333333333333,0.5,0.4945826530456543,0.021155643463134765
0.3,1,0.0464159,0.3,10,0.7000000000000001,0.22681367781605333,259,0.9166666666666667,0.9,0.45,0.8333333333333333,0.4,0.5037211418151856,0.020986604690551757
0.3,1,0.0464159,0.3,20,0.78,0.138001610296563,32,0.9166666666666667,0.9,0.55,0.8333333333333333,0.7,0.5076305866241455,0.02108597755432129
0.3,1,0.0464159,0.3,50,0.7833333333333334,0.1505545305418162,21,0.8333333333333333,1.0,0.55,0.8333333333333333,0.7,0.5241836071014404,0.02105851173400879
0.3,1,0.0464159,0.5,5,0.6333333333333334,0.14757295747452437,427,0.55,0.45,0.55,0.8166666666666667,0.8,0.4826191425323486,0.020791244506835938
0.3,1,0.0464159,0.5,10,0.6666666666666666,0.1963556863336419,351,0.8166666666666667,0.3333333333333333,0.55,0.8333333333333333,0.8,0.489103364944458,0.020975637435913085
0.3,1,0.0464159,0.5,20,0.6166666666666666,0.10697871023920807,485,0.6333333333333333,0.45,0.55,0.75,0.7,0.5007707118988037,0.021097564697265626
0.3,1,0.0464159,0.5,50,0.5766666666666667,0.1507757717053152,584,0.8166666666666667,0.3666666666666667,0.55,0.65,0.5,0.516768217086792,0.02092580795288086
0.3,1,0.0464159,0.7,5,0.6233333333333333,0.18932629094883902,442,0.7,0.45,0.35,0.8166666666666667,0.8,0.47845940589904784,0.020979881286621094
0.3,1,0.0464159,0.7,10,0.5866666666666666,0.21328124364061854,550,0.6166666666666667,0.3333333333333333,0.35,0.8333333333333333,0.8,0.4850250244140625,0.021105527877807617
0.3,1,0.0464159,0.7,20,0.5433333333333333,0.15224249662225645,687,0.45,0.45,0.3666666666666667,0.75,0.7,0.4944645881652832,0.021093177795410156
0.3,1,0.0464159,0.7,50,0.55,0.11737877907772672,665,0.7,0.3666666666666667,0.5333333333333333,0.65,0.5,0.5083827495574951,0.020989274978637694
0.3,1,0.0464159,0.9,5,0.6233333333333333,0.18932629094883902,442,0.7,0.45,0.35,0.8166666666666667,0.8,0.47330150604248045,0.02085390090942383
0.3,1,0.0464159,0.9,10,0.5866666666666666,0.21328124364061854,550,0.6166666666666667,0.3333333333333333,0.35,0.8333333333333333,0.8,0.483184814453125,0.02116079330444336
0.3,1,0.0464159,0.9,20,0.5433333333333333,0.15224249662225645,687,0.45,0.45,0.3666666666666667,0.75,0.7,0.495697021484375,0.021076679229736328
0.3,1,0.0464159,0.9,50,0.55,0.11737877907772672,665,0.7,0.3666666666666667,0.5333333333333333,0.65,0.5,0.5132657051086426,0.021140050888061524
0.3,1,0.16681,0.1,5,0.6166666666666667,0.12823589374447564,483,0.6333333333333333,0.7333333333333334,0.3833333333333333,0.7333333333333334,0.6,0.5242966651916504,0.021001911163330077
0.3,1,0.16681,0.1,10,0.6833333333333333,0.1414213562373095,312,0.7333333333333334,0.8,0.45,0.8333333333333333,0.6000000000000001,0.5313600540161133,0.02118401527404785
0.3,1,0.16681,0.1,20,0.7433333333333334,0.11999999999999998,106,0.7333333333333334,0.9,0.55,0.8333333333333333,0.7,0.5340658187866211,0.02080249786376953
0.3,1,0.16681,0.1,50,0.7799999999999999,0.17993826101687704,43,1.0,0.8166666666666667,0.45,0.8333333333333333,0.8,0.5501312255859375,0.020888328552246094
0.3,1,0.16681,0.3,5,0.65,0.10381607668264958,395,0.75,0.7166666666666667,0.55,0.7333333333333334,0.5,0.5285448551177978,0.02104811668395996
0.3,1,0.16681,0.3,10,0.7233333333333334,0.11135528725660045,170,0.7333333333333334,0.9,0.55,0.7333333333333334,0.7,0.5348773956298828,0.021265554428100585
0.3,1,0.16681,0.3,20,0.78,0.17042430708218956,32,0.9166666666666667,0.9,0.45,0.8333333333333333,0.8,0.5402406215667724,0.020981454849243165
0.3,1,0.16681,0.3,50,0.7433333333333334,0.10780641085864151,106,0.8166666666666667,0.8166666666666667,0.55,0.8333333333333333,0.7,0.5556128025054932,0.021039962768554688
0.3,1,0.16681,0.5,5,0.6733333333333335,0.07348469228349534,344,0.75,0.6333333333333333,0.55,0.7333333333333334,0.7,0.5359207630157471,0.021150922775268553
0.3,1,0.16681,0.5,10,0.8033333333333333,0.13012814197295422,4,0.8333333333333333,0.9,0.55,0.8333333333333333,0.9,0.5470317363739013,0.021129608154296875
0.3,1,0.16681,0.5,20,0.7966666666666666,0.17869900204906947,13,0.9166666666666667,0.9,0.45,0.9166666666666667,0.8,0.5467979907989502,0.021028757095336914
0.3,1,0.16681,0.5,50,0.78,0.192469333776694,32,0.9166666666666667,1.0,0.45,0.8333333333333333,0.7,0.5642085552215577,0.020990514755249025
0.3,1,0.16681,0.7,5,0.6733333333333332,0.10466878978738384,345,0.5666666666666667,0.7166666666666667,0.55,0.8333333333333333,0.7,0.537373685836792,0.021089744567871094
0.3,1,0.16681,0.7,10,0.8200000000000001,0.138001610296563,1,0.9166666666666667,0.9,0.55,0.8333333333333333,0.9,0.5455084800720215,0.021424293518066406
0.3,1,0.16681,0.7,20,0.7233333333333334,0.1540562667772179,170,0.7333333333333334,0.9,0.45,0.8333333333333333,0.7,0.549583625793457,0.021239089965820312
0.3,1,0.16681,0.7,50,0.78,0.14959203781544583,32,0.8166666666666667,1.0,0.55,0.8333333333333333,0.7,0.566738510131836,0.0209444522857666
0.3,1,0.16681,0.9,5,0.6933333333333334,0.1167142760000773,301,0.5666666666666667,0.7166666666666667,0.55,0.8333333333333333,0.8,0.5524568080902099,0.02112712860107422
0.3,1,0.16681,0.9,10,0.7433333333333334,0.16041612554021284,106,0.8333333333333333,0.9,0.45,0.8333333333333333,0.7,0.5554809093475341,0.021126365661621092
0.3,1,0.16681,0.9,20,0.8,0.132077418374393,8,0.9166666666666667,0.9,0.55,0.8333333333333333,0.8,0.5621984481811524,0.020900678634643555
0.3,1,0.16681,0.9,50,0.7966666666666666,0.15719768163402126,13,0.9,1.0,0.55,0.8333333333333333,0.7,0.5797143936157226,0.020920562744140624
0.3,1,0.599484,0.1,5,0.5766666666666667,0.16418147141366335,584,0.6333333333333333,0.8166666666666667,0.3833333333333333,0.65,0.4,0.5951714992523194,0.021077299118041994
0.3,1,0.599484,0.1,10,0.7233333333333333,0.09463379711052258,187,0.7166666666666667,0.8166666666666667,0.55,0.7333333333333334,0.8,0.6025537014007568,0.021181583404541016
0.3,1,0.599484,0.1,20,0.7633333333333332,0.12174654911833115,67,0.7166666666666667,0.8166666666666667,0.55,0.8333333333333333,0.9,0.6056379795074462,0.020949172973632812
0.3,1,0.599484,0.1,50,0.7633333333333333,0.12710450643291746,58,0.9166666666666667,0.8166666666666667,0.55,0.8333333333333333,0.7,0.620334529876709,0.020848608016967772
0.3,1,0.599484,0.3,5,0.5966666666666666,0.17900962109463403,526,0.6333333333333333,0.7333333333333334,0.3833333333333333,0.8333333333333333,0.4,0.6131654262542725,0.020914697647094728
0.3,1,0.599484,0.3,10,0.7466666666666667,0.10402991022884821,99,0.7333333333333334,0.8166666666666667,0.55,0.8333333333333333,0.8,0.6191476345062256,0.02123875617980957
0.3,1,0.599484,0.3,20,0.7833333333333333,0.1206464071390257,26,0.8166666666666667,0.8166666666666667,0.55,0.8333333333333333,0.9,0.623416805267334,0.021749114990234374
0.3,1,0.599484,0.3,50,0.7400000000000001,0.18396859635395507,128,0.9166666666666667,0.9,0.45,0.8333333333333333,0.6,0.6375222206115723,0.021024227142333984
0.3,1,0.599484,0.5,5,0.74,0.17845011752432233,136,0.9166666666666667,0.9,0.55,0.8333333333333333,0.5,0.6326484680175781,0.021107292175292967
0.3,1,0.599484,0.5,10,0.7266666666666666,0.14243907079480997,167,0.7333333333333334,0.8166666666666667,0.45,0.8333333333333333,0.8,0.6407910346984863,0.022067546844482422
0.3,1,0.599484,0.5,20,0.7633333333333333,0.10718623460542348,58,0.8166666666666667,0.8166666666666667,0.55,0.8333333333333333,0.8,0.644440746307373,0.021180438995361327
0.3,1,0.599484,0.5,50,0.7433333333333334,0.16213848676020412,106,0.9166666666666667,0.8166666666666667,0.45,0.8333333333333333,0.7,0.662468147277832,0.021039628982543947
0.3,1,0.599484,0.7,5,0.7666666666666666,0.10903618155864081,54,0.8333333333333333,0.8166666666666667,0.55,0.8333333333333333,0.8,0.6728967189788818,0.021311044692993164
0.3,1,0.599484,0.7,10,0.7633333333333334,0.16812693617224653,56,0.7333333333333334,0.9,0.45,0.8333333333333333,0.9,0.6756896018981934,0.02087249755859375
0.3,1,0.599484,0.7,20,0.7433333333333332,0.10466878978738386,125,0.7166666666666667,0.8166666666666667,0.55,0.8333333333333333,0.8,0.6791170597076416,0.02105293273925781
0.3,1,0.599484,0.7,50,0.74,0.10572501018102468,136,0.8,0.8166666666666667,0.55,0.8333333333333333,0.7,0.6944499492645264,0.020829010009765624
0.3,1,0.599484,0.9,5,0.7466666666666667,0.11025223605694148,99,0.8333333333333333,0.8166666666666667,0.55,0.8333333333333333,0.7,0.6874984741210938,0.021102285385131835
0.3,1,0.599484,0.9,10,0.7633333333333332,0.1446835627614047,67,0.6333333333333333,0.9,0.55,0.8333333333333333,0.9,0.6963080883026123,0.021027231216430665
0.3,1,0.599484,0.9,20,0.7233333333333333,0.14243907079480997,187,0.7166666666666667,0.8166666666666667,0.45,0.8333333333333333,0.8,0.7001699447631836,0.021269512176513673
0.3,1,0.599484,0.9,50,0.7766666666666666,0.11907047399661166,50,0.8,0.9,0.55,0.8333333333333333,0.8,0.7149629592895508,0.02109837532043457
0.3,1,2.15443,0.1,5,0.59,0.170489491367259,531,0.7333333333333334,0.8,0.3833333333333333,0.6333333333333333,0.4,0.7070661544799804,0.021199750900268554
0.3,1,2.15443,0.1,10,0.6466666666666667,0.15613384571507158,400,0.55,0.9,0.45,0.7333333333333334,0.6,0.7116120815277099,0.02111372947692871
0.3,1,2.15443,0.1,20,0.7433333333333334,0.10780641085864151,106,0.8166666666666667,0.8166666666666667,0.55,0.8333333333333333,0.7,0.7160062313079834,0.020908832550048828
0.3,1,2.15443,0.1,50,0.7833333333333332,0.12337837015547831,28,0.9166666666666667,0.8166666666666667,0.55,0.8333333333333333,0.8,0.7329007625579834,0.02098541259765625
0.3,1,2.15443,0.3,5,0.63,0.19703355608175532,434,0.8166666666666667,0.8166666666666667,0.3833333333333333,0.7333333333333334,0.4,0.7679397106170655,0.020925426483154298
0.3,1,2.15443,0.3,10,0.7233333333333333,0.11671427600007728,187,0.6166666666666667,0.8166666666666667,0.55,0.8333333333333333,0.8,0.7670930862426758,0.02098383903503418
0.3,1,2.15443,0.3,20,0.7033333333333333,0.11323525167642018,257,0.7166666666666667,0.8166666666666667,0.55,0.8333333333333333,0.6,0.7747843742370606,0.02105684280395508
0.3,1,2.15443,0.3,50,0.7600000000000001,0.17275544693133255,72,0.9166666666666667,0.9,0.45,0.8333333333333333,0.7,0.7925040245056152,0.02090563774108887
0.3,1,2.15443,0.5,5,0.6333333333333333,0.20027758514399735,429,0.8166666666666667,0.7333333333333334,0.3833333333333333,0.8333333333333333,0.4,0.8152694225311279,0.021078062057495118
0.3,1,2.15443,0.5,10,0.7233333333333334,0.12229290885229423,170,0.8166666666666667,0.8166666666666667,0.55,0.8333333333333333,0.6000000000000001,0.8153410911560058,0.02115025520324707
0.3,1,2.15443,0.5,20,0.74,0.12046207333061766,136,0.7166666666666667,0.9,0.55,0.8333333333333333,0.7,0.8208183288574219,0.021022510528564454
0.3,1,2.15443,0.5,50,0.76,0.15441646429200626,76,0.9166666666666667,0.9,0.55,0.8333333333333333,0.6,0.8402543544769288,0.021019458770751953
0.3,1,2.15443,0.7,5,0.6499999999999999,0.2110818693198342,398,0.8166666666666667,0.8166666666666667,0.3833333333333333,0.8333333333333333,0.4,0.8853896617889404,0.020984125137329102
0.3,1,2.15443,0.7,10,0.7033333333333334,0.15326085243430196,240,0.8166666666666667,0.8166666666666667,0.45,0.8333333333333333,0.6000000000000001,0.892353868484497,0.021248435974121092
0.3,1,2.15443,0.7,20,0.7433333333333333,0.15797327481430382,122,0.7166666666666667,0.8166666666666667,0.45,0.8333333333333333,0.9,0.8929614067077637,0.020911598205566408
0.3,1,2.15443,0.7,50,0.7799999999999999,0.17993826101687704,43,1.0,0.8166666666666667,0.45,0.8333333333333333,0.8,0.9090331554412842,0.020804882049560547
0.3,1,2.15443,0.9,5,0.6833333333333333,0.17669811040931427,312,0.8166666666666667,0.8166666666666667,0.55,0.8333333333333333,0.4,0.9338331699371338,0.02113814353942871
0.3,1,2.15443,0.9,10,0.7066666666666667,0.1470449666674185,235,0.6333333333333333,0.8166666666666667,0.45,0.8333333333333333,0.8,0.9387742519378662,0.020991802215576172
0.3,1,2.15443,0.9,20,0.7433333333333334,0.1470449666674185,106,0.8166666666666667,0.8166666666666667,0.45,0.8333333333333333,0.8,0.9392001152038574,0.02108421325683594
0.3,1,2.15443,0.9,50,0.74,0.0992191737742481,136,0.8,0.8166666666666667,0.55,0.7333333333333334,0.8,0.9575949668884277,0.020914459228515626
0.3,1,7.74264,0.1,5,0.5,0.09486832980505137,790,0.55,0.5333333333333333,0.3833333333333333,0.6333333333333333,0.4,0.7844361305236817,0.021388435363769533
0.3,1,7.74264,0.1,10,0.65,0.12292725943057184,395,0.55,0.8,0.4666666666666667,0.7333333333333334,0.7,0.7842860698699952,0.021141242980957032
0.3,1,7.74264,0.1,20,0.7233333333333334,0.09809292646374773,170,0.8166666666666667,0.8166666666666667,0.55,0.7333333333333334,0.7,0.7930045604705811,0.02116403579711914
0.3,1,7.74264,0.1,50,0.74,0.19281539818639426,136,1.0,0.8166666666666667,0.45,0.8333333333333333,0.6,0.8025811672210693,0.0224123477935791
0.3,1,7.74264,0.3,5,0.6133333333333333,0.19419348884839344,487,0.8333333333333333,0.8166666666666667,0.3833333333333333,0.6333333333333333,0.4,0.9629531860351562,0.02123255729675293
0.3,1,7.74264,0.3,10,0.6300000000000001,0.12265579661982731,432,0.55,0.8166666666666667,0.55,0.7333333333333334,0.5,0.9604243755340576,0.021122264862060546
0.3,1,7.74264,0.3,20,0.76,0.12319812408384218,76,0.8166666666666667,0.9,0.55,0.8333333333333333,0.7,0.9671953678131103,0.021179580688476564
0.3,1,7.74264,0.3,50,0.7433333333333334,0.16213848676020412,106,0.9166666666666667,0.8166666666666667,0.45,0.8333333333333333,0.7,0.9793442249298095,0.021083974838256837
0.3,1,7.74264,0.5,5,0.6333333333333333,0.20027758514399735,429,0.8333333333333333,0.8166666666666667,0.3833333333333333,0.7333333333333334,0.4,1.0198713302612306,0.021225690841674805
0.3,1,7.74264,0.5,10,0.7233333333333333,0.11671427600007728,187,0.6166666666666667,0.8166666666666667,0.55,0.8333333333333333,0.8,1.0226462364196778,0.02112278938293457
0.3,1,7.74264,0.5,20,0.7,0.15527752931802818,269,0.7166666666666667,0.9,0.55,0.8333333333333333,0.5,1.0290284156799316,0.020961523056030273
0.3,1,7.74264,0.5,50,0.7966666666666666,0.1863091814997616,13,1.0,0.9,0.45,0.8333333333333333,0.8,1.0445713520050048,0.021021461486816405
0.3,1,7.74264,0.7,5,0.6533333333333333,0.17993826101687704,390,0.8166666666666667,0.7333333333333334,0.3833333333333333,0.8333333333333333,0.5,1.0730266094207763,0.02116503715515137
0.3,1,7.74264,0.7,10,0.6633333333333333,0.14429907214608906,353,0.6166666666666667,0.8166666666666667,0.45,0.8333333333333333,0.6000000000000001,1.0831090450286864,0.02114577293395996
0.3,1,7.74264,0.7,20,0.74,0.12046207333061766,136,0.7166666666666667,0.9,0.55,0.8333333333333333,0.7,1.0833110332489013,0.02113962173461914
0.3,1,7.74264,0.7,50,0.7233333333333334,0.17211107524567448,170,0.9166666666666667,0.8166666666666667,0.45,0.8333333333333333,0.6,1.1004571437835693,0.021007680892944337
0.3,1,7.74264,0.9,5,0.6833333333333333,0.13374935098492585,312,0.8166666666666667,0.8166666666666667,0.55,0.7333333333333334,0.5,1.1573660850524903,0.021091651916503907
0.3,1,7.74264,0.9,10,0.6633333333333333,0.14429907214608906,353,0.6166666666666667,0.8166666666666667,0.45,0.8333333333333333,0.6000000000000001,1.1636605262756348,0.021297168731689454
0.3,1,7.74264,0.9,20,0.74,0.12046207333061766,136,0.7166666666666667,0.9,0.55,0.8333333333333333,0.7,1.17377610206604,0.021009063720703124
0.3,1,7.74264,0.9,50,0.74,0.19281539818639426,136,1.0,0.8166666666666667,0.45,0.8333333333333333,0.6,1.1814086437225342,0.020979022979736327
0.3,1,27.8256,0.1,5,0.52,0.08124038404635961,771,0.55,0.5333333333333333,0.3833333333333333,0.6333333333333333,0.5,0.7790667057037354,0.021329355239868165
0.3,1,27.8256,0.1,10,0.5666666666666667,0.07673909622147558,630,0.6333333333333333,0.6166666666666667,0.45,0.6333333333333333,0.5,0.7836046695709229,0.020988082885742186
0.3,1,27.8256,0.1,20,0.7466666666666667,0.1161416759345623,99,0.7333333333333334,0.8166666666666667,0.55,0.7333333333333334,0.9,0.7883856296539307,0.021060848236083986
0.3,1,27.8256,0.1,50,0.78,0.14959203781544583,32,1.0,0.8166666666666667,0.55,0.8333333333333333,0.7,0.803384256362915,0.020726442337036133
0.3,1,27.8256,0.3,5,0.52,0.08124038404635961,771,0.55,0.5333333333333333,0.3833333333333333,0.6333333333333333,0.5,0.9066297531127929,0.02103710174560547
0.3,1,27.8256,0.3,10,0.66,0.150037032465692,373,0.6166666666666667,0.9,0.45,0.7333333333333334,0.6000000000000001,0.9098279476165771,0.021069717407226563
0.3,1,27.8256,0.3,20,0.7033333333333334,0.08653836657164779,240,0.7166666666666667,0.8166666666666667,0.55,0.7333333333333334,0.7,0.9153937339782715,0.02112741470336914
0.3,1,27.8256,0.3,50,0.78,0.14959203781544583,32,1.0,0.8166666666666667,0.55,0.8333333333333333,0.7,0.9306011199951172,0.021109533309936524
0.3,1,27.8256,0.5,5,0.52,0.10923979738782626,771,0.55,0.6333333333333333,0.3833333333333333,0.6333333333333333,0.4,1.0387787818908691,0.021113824844360352
0.3,1,27.8256,0.5,10,0.6500000000000001,0.1520233900132184,393,0.55,0.9,0.4666666666666667,0.7333333333333334,0.6,1.0420449256896973,0.021140050888061524
0.3,1,27.8256,0.5,20,0.7200000000000001,0.09510228411791402,203,0.8,0.8166666666666667,0.55,0.7333333333333334,0.7,1.04703369140625,0.021262168884277344
0.3,1,27.8256,0.5,50,0.7266666666666668,0.1470449666674185,165,0.8333333333333333,0.8166666666666667,0.45,0.8333333333333333,0.7,1.0655531883239746,0.020972442626953126
0.3,1,27.8256,0.7,5,0.5700000000000001,0.15790292376436016,604,0.6333333333333333,0.8,0.3833333333333333,0.6333333333333333,0.4,1.1294222354888916,0.021076107025146486
0.3,1,27.8256,0.7,10,0.6666666666666667,0.0960324019392529,346,0.6333333333333333,0.8166666666666667,0.55,0.7333333333333334,0.6,1.1392457008361816,0.02108769416809082
0.3,1,27.8256,0.7,20,0.7433333333333334,0.10780641085864151,106,0.8166666666666667,0.8166666666666667,0.55,0.8333333333333333,0.7,1.1391658782958984,0.021032190322875975
0.3,1,27.8256,0.7,50,0.76,0.18214768123085667,76,1.0,0.8166666666666667,0.45,0.8333333333333333,0.7,1.1543554306030273,0.021039533615112304
0.3,1,27.8256,0.9,5,0.6133333333333333,0.19419348884839344,487,0.8333333333333333,0.8166666666666667,0.3833333333333333,0.6333333333333333,0.4,1.2136147975921632,0.021251773834228514
0.3,1,27.8256,0.9,10,0.6833333333333333,0.11785113019775789,312,0.6166666666666667,0.8166666666666667,0.55,0.8333333333333333,0.6,1.2172765731811523,0.02118964195251465
0.3,1,27.8256,0.9,20,0.7233333333333333,0.10143416036468623,187,0.7166666666666667,0.8166666666666667,0.55,0.8333333333333333,0.7,1.2208178997039796,0.021173477172851562
0.3,1,27.8256,0.9,50,0.7433333333333334,0.16213848676020412,106,0.9166666666666667,0.8166666666666667,0.45,0.8333333333333333,0.7,1.23525390625,0.02102518081665039
0.3,1,100.0,0.1,5,0.52,0.08124038404635961,771,0.55,0.5333333333333333,0.3833333333333333,0.6333333333333333,0.5,0.840319013595581,0.021351957321166994
0.3,1,100.0,0.1,10,0.6066666666666667,0.09104333522498444,495,0.7333333333333334,0.6166666666666667,0.45,0.6333333333333333,0.6000000000000001,0.8390910148620605,0.020991992950439454
0.3,1,100.0,0.1,20,0.7833333333333334,0.1456784892227477,21,0.8166666666666667,0.8166666666666667,0.55,0.7333333333333334,1.0,0.8455387592315674,0.021065378189086915
0.3,1,100.0,0.1,50,0.7633333333333333,0.12710450643291746,58,0.9166666666666667,0.8166666666666667,0.55,0.8333333333333333,0.7,0.8598240852355957,0.021001100540161133
0.3,1,100.0,0.3,5,0.52,0.08124038404635961,771,0.55,0.5333333333333333,0.3833333333333333,0.6333333333333333,0.5,0.8369329452514649,0.021040010452270507
0.3,1,100.0,0.3,10,0.5466666666666666,0.10077477638553982,683,0.6333333333333333,0.6166666666666667,0.45,0.6333333333333333,0.4,0.842166805267334,0.021111488342285156
0.3,1,100.0,0.3,20,0.7833333333333334,0.1456784892227477,21,0.8166666666666667,0.8166666666666667,0.55,0.7333333333333334,1.0,0.8488710880279541,0.021063470840454103
0.3,1,100.0,0.3,50,0.78,0.14959203781544583,32,1.0,0.8166666666666667,0.55,0.8333333333333333,0.7,0.8660151481628418,0.021016454696655272
0.3,1,100.0,0.5,5,0.52,0.08124038404635961,771,0.55,0.5333333333333333,0.3833333333333333,0.6333333333333333,0.5,0.861759614944458,0.021153831481933595
0.3,1,100.0,0.5,10,0.5466666666666666,0.10077477638553982,683,0.6333333333333333,0.6166666666666667,0.45,0.6333333333333333,0.4,0.8650645732879638,0.021236276626586913
0.3,1,100.0,0.5,20,0.7433333333333334,0.10143416036468625,106,0.8166666666666667,0.8166666666666667,0.55,0.7333333333333334,0.8,0.8719374179840088,0.02099471092224121
0.3,1,100.0,0.5,50,0.78,0.14959203781544583,32,1.0,0.8166666666666667,0.55,0.8333333333333333,0.7,0.8838200092315673,0.021010828018188477
0.3,1,100.0,0.7,5,0.52,0.08124038404635961,771,0.55,0.5333333333333333,0.3833333333333333,0.6333333333333333,0.5,0.8981582164764405,0.021190071105957033
0.3,1,100.0,0.7,10,0.6033333333333333,0.17587874611030557,522,0.6333333333333333,0.9,0.45,0.6333333333333333,0.4,0.9035618305206299,0.021134424209594726
0.3,1,100.0,0.7,20,0.7233333333333334,0.09809292646374773,170,0.8166666666666667,0.8166666666666667,0.55,0.7333333333333334,0.7,0.9035522937774658,0.02115459442138672
0.3,1,100.0,0.7,50,0.7633333333333333,0.12710450643291746,58,0.9166666666666667,0.8166666666666667,0.55,0.8333333333333333,0.7,0.9189382553100586,0.021007442474365236
0.3,1,100.0,0.9,5,0.52,0.08124038404635961,771,0.55,0.5333333333333333,0.3833333333333333,0.6333333333333333,0.5,0.9675844192504883,0.021045207977294922
0.3,1,100.0,0.9,10,0.62,0.18360585805227217,478,0.6166666666666667,0.9,0.45,0.7333333333333334,0.4,0.9704864978790283,0.021060752868652343
0.3,1,100.0,0.9,20,0.7033333333333334,0.08653836657164779,240,0.7166666666666667,0.8166666666666667,0.55,0.7333333333333334,0.7,0.9777949333190918,0.02112998962402344
0.3,1,100.0,0.9,50,0.7433333333333333,0.14243907079480994,122,0.9166666666666667,0.8166666666666667,0.55,0.8333333333333333,0.6000000000000001,0.9945758819580078,0.020859146118164064
0.3,5,0.001,0.1,5,0.54,0.055377492419453826,703,0.5166666666666667,0.5166666666666667,0.5166666666666667,0.65,0.5,0.46630220413208007,0.020899105072021484
0.3,5,0.001,0.1,10,0.54,0.055377492419453826,703,0.5166666666666667,0.5166666666666667,0.5166666666666667,0.65,0.5,0.4698049068450928,0.020816707611083986
0.3,5,0.001,0.1,20,0.6033333333333334,0.13182479955523457,506,0.43333333333333335,0.6166666666666667,0.5333333333333333,0.8333333333333333,0.6,0.4765485286712646,0.021103382110595703
0.3,5,0.001,0.1,50,0.5533333333333333,0.151803967156476,649,0.7,0.26666666666666666,0.55,0.65,0.6000000000000001,0.48540844917297366,0.020781755447387695
0.3,5,0.001,0.3,5,0.54,0.055377492419453826,703,0.5166666666666667,0.5166666666666667,0.5166666666666667,0.65,0.5,0.46625337600708006,0.020872783660888673
0.3,5,0.001,0.3,10,0.54,0.055377492419453826,703,0.5166666666666667,0.5166666666666667,0.5166666666666667,0.65,0.5,0.4698300838470459,0.020803356170654298
0.3,5,0.001,0.3,20,0.6033333333333334,0.13182479955523457,506,0.43333333333333335,0.6166666666666667,0.5333333333333333,0.8333333333333333,0.6,0.47603597640991213,0.02086639404296875
0.3,5,0.001,0.3,50,0.5533333333333333,0.151803967156476,649,0.7,0.26666666666666666,0.55,0.65,0.6000000000000001,0.48667216300964355,0.020839595794677736
0.3,5,0.001,0.5,5,0.54,0.055377492419453826,703,0.5166666666666667,0.5166666666666667,0.5166666666666667,0.65,0.5,0.46628603935241697,0.02091703414916992
0.3,5,0.001,0.5,10,0.54,0.055377492419453826,703,0.5166666666666667,0.5166666666666667,0.5166666666666667,0.65,0.5,0.4689470767974854,0.020828866958618165
0.3,5,0.001,0.5,20,0.6033333333333334,0.13182479955523457,506,0.43333333333333335,0.6166666666666667,0.5333333333333333,0.8333333333333333,0.6,0.47551259994506834,0.021095705032348634
0.3,5,0.001,0.5,50,0.5533333333333333,0.151803967156476,649,0.7,0.26666666666666666,0.55,0.65,0.6000000000000001,0.48670053482055664,0.02068219184875488
0.3,5,0.001,0.7,5,0.54,0.055377492419453826,703,0.5166666666666667,0.5166666666666667,0.5166666666666667,0.65,0.5,0.46843595504760743,0.021113157272338867
0.3,5,0.001,0.7,10,0.54,0.055377492419453826,703,0.5166666666666667,0.5166666666666667,0.5166666666666667,0.65,0.5,0.46897063255310056,0.020741891860961915
0.3,5,0.001,0.7,20,0.6033333333333334,0.13182479955523457,506,0.43333333333333335,0.6166666666666667,0.5333333333333333,0.8333333333333333,0.6,0.477263355255127,0.020975923538208006
0.3,5,0.001,0.7,50,0.5533333333333333,0.151803967156476,649,0.7,0.26666666666666666,0.55,0.65,0.6000000000000001,0.48943214416503905,0.020795679092407225
0.3,5,0.001,0.9,5,0.54,0.055377492419453826,703,0.5166666666666667,0.5166666666666667,0.5166666666666667,0.65,0.5,0.4677897930145264,0.020769786834716798
0.3,5,0.001,0.9,10,0.54,0.055377492419453826,703,0.5166666666666667,0.5166666666666667,0.5166666666666667,0.65,0.5,0.46930928230285646,0.020977783203125
0.3,5,0.001,0.9,20,0.6033333333333334,0.13182479955523457,506,0.43333333333333335,0.6166666666666667,0.5333333333333333,0.8333333333333333,0.6,0.47588820457458497,0.020717620849609375
0.3,5,0.001,0.9,50,0.5533333333333333,0.151803967156476,649,0.7,0.26666666666666666,0.55,0.65,0.6000000000000001,0.4870880126953125,0.020885801315307616
0.3,5,0.00359381,0.1,5,0.54,0.055377492419453826,703,0.5166666666666667,0.5166666666666667,0.5166666666666667,0.65,0.5,0.46651697158813477,0.020860862731933594
0.3,5,0.00359381,0.1,10,0.54,0.055377492419453826,703,0.5166666666666667,0.5166666666666667,0.5166666666666667,0.65,0.5,0.470134973526001,0.020980072021484376
0.3,5,0.00359381,0.1,20,0.6033333333333334,0.13182479955523457,506,0.43333333333333335,0.6166666666666667,0.5333333333333333,0.8333333333333333,0.6,0.47597413063049315,0.020844554901123045
0.3,5,0.00359381,0.1,50,0.5533333333333333,0.151803967156476,649,0.7,0.26666666666666666,0.55,0.65,0.6000000000000001,0.4866065502166748,0.021238136291503906
0.3,5,0.00359381,0.3,5,0.54,0.055377492419453826,703,0.5166666666666667,0.5166666666666667,0.5166666666666667,0.65,0.5,0.46611909866333007,0.02088484764099121
0.3,5,0.00359381,0.3,10,0.54,0.055377492419453826,703,0.5166666666666667,0.5166666666666667,0.5166666666666667,0.65,0.5,0.46834368705749513,0.020801210403442384
0.3,5,0.00359381,0.3,20,0.6033333333333334,0.13182479955523457,506,0.43333333333333335,0.6166666666666667,0.5333333333333333,0.8333333333333333,0.6,0.4736532688140869,0.02087264060974121
0.3,5,0.00359381,0.3,50,0.5533333333333333,0.151803967156476,649,0.7,0.26666666666666666,0.55,0.65,0.6000000000000001,0.48706302642822263,0.020822477340698243
0.3,5,0.00359381,0.5,5,0.54,0.055377492419453826,703,0.5166666666666667,0.5166666666666667,0.5166666666666667,0.65,0.5,0.46563334465026857,0.0207460880279541
0.3,5,0.00359381,0.5,10,0.54,0.055377492419453826,703,0.5166666666666667,0.5166666666666667,0.5166666666666667,0.65,0.5,0.4702576160430908,0.020784282684326173
0.3,5,0.00359381,0.5,20,0.6033333333333334,0.13182479955523457,506,0.43333333333333335,0.6166666666666667,0.5333333333333333,0.8333333333333333,0.6,0.4738948822021484,0.020812273025512695
0.3,5,0.00359381,0.5,50,0.5533333333333333,0.151803967156476,649,0.7,0.26666666666666666,0.55,0.65,0.6000000000000001,0.48508033752441404,0.02070465087890625
0.3,5,0.00359381,0.7,5,0.54,0.055377492419453826,703,0.5166666666666667,0.5166666666666667,0.5166666666666667,0.65,0.5,0.4658097267150879,0.020761919021606446
0.3,5,0.00359381,0.7,10,0.54,0.055377492419453826,703,0.5166666666666667,0.5166666666666667,0.5166666666666667,0.65,0.5,0.4676369667053223,0.020789909362792968
0.3,5,0.00359381,0.7,20,0.6033333333333334,0.13182479955523457,506,0.43333333333333335,0.6166666666666667,0.5333333333333333,0.8333333333333333,0.6,0.4730969429016113,0.02096734046936035
0.3,5,0.00359381,0.7,50,0.5533333333333333,0.151803967156476,649,0.7,0.26666666666666666,0.55,0.65,0.6000000000000001,0.4838735580444336,0.02112236022949219
0.3,5,0.00359381,0.9,5,0.54,0.055377492419453826,703,0.5166666666666667,0.5166666666666667,0.5166666666666667,0.65,0.5,0.46500344276428224,0.021150827407836914
0.3,5,0.00359381,0.9,10,0.54,0.055377492419453826,703,0.5166666666666667,0.5166666666666667,0.5166666666666667,0.65,0.5,0.4673956871032715,0.02076120376586914
0.3,5,0.00359381,0.9,20,0.6033333333333334,0.13182479955523457,506,0.43333333333333335,0.6166666666666667,0.5333333333333333,0.8333333333333333,0.6,0.47579107284545896,0.020866966247558592
0.3,5,0.00359381,0.9,50,0.5533333333333333,0.151803967156476,649,0.7,0.26666666666666666,0.55,0.65,0.6000000000000001,0.4859912872314453,0.020781755447387695
0.3,5,0.0129155,0.1,5,0.6866666666666668,0.16172679294277603,304,0.5333333333333333,0.8166666666666667,0.45,0.8333333333333333,0.8,0.4745053291320801,0.020841646194458007
0.3,5,0.0129155,0.1,10,0.6900000000000001,0.14628738838327793,302,0.75,0.9,0.55,0.75,0.5,0.4794735908508301,0.02085585594177246
0.3,5,0.0129155,0.1,20,0.7400000000000001,0.18396859635395507,128,0.9166666666666667,0.9,0.45,0.8333333333333333,0.6,0.4844197750091553,0.020873498916625977
0.3,5,0.0129155,0.1,50,0.72,0.13759844960366863,209,0.7333333333333334,0.9,0.5333333333333333,0.8333333333333333,0.6,0.4954350471496582,0.020784568786621094
0.3,5,0.0129155,0.3,5,0.54,0.055377492419453826,703,0.5166666666666667,0.5166666666666667,0.5166666666666667,0.65,0.5,0.4653681755065918,0.020676040649414064
0.3,5,0.0129155,0.3,10,0.54,0.055377492419453826,703,0.5166666666666667,0.5166666666666667,0.5166666666666667,0.65,0.5,0.46885027885437014,0.02074718475341797
0.3,5,0.0129155,0.3,20,0.6033333333333334,0.13182479955523457,506,0.43333333333333335,0.6166666666666667,0.5333333333333333,0.8333333333333333,0.6,0.475830078125,0.020985794067382813
0.3,5,0.0129155,0.3,50,0.5533333333333333,0.151803967156476,649,0.7,0.26666666666666666,0.55,0.65,0.6000000000000001,0.4889077663421631,0.020862674713134764
0.3,5,0.0129155,0.5,5,0.54,0.055377492419453826,703,0.5166666666666667,0.5166666666666667,0.5166666666666667,0.65,0.5,0.469387149810791,0.02075796127319336
0.3,5,0.0129155,0.5,10,0.54,0.055377492419453826,703,0.5166666666666667,0.5166666666666667,0.5166666666666667,0.65,0.5,0.4711928367614746,0.02175006866455078
0.3,5,0.0129155,0.5,20,0.6033333333333334,0.13182479955523457,506,0.43333333333333335,0.6166666666666667,0.5333333333333333,0.8333333333333333,0.6,0.47480120658874514,0.020978546142578124
0.3,5,0.0129155,0.5,50,0.5533333333333333,0.151803967156476,649,0.7,0.26666666666666666,0.55,0.65,0.6000000000000001,0.4848306655883789,0.02129535675048828
0.3,5,0.0129155,0.7,5,0.54,0.055377492419453826,703,0.5166666666666667,0.5166666666666667,0.5166666666666667,0.65,0.5,0.4660360813140869,0.020982122421264647
0.3,5,0.0129155,0.7,10,0.54,0.055377492419453826,703,0.5166666666666667,0.5166666666666667,0.5166666666666667,0.65,0.5,0.4689332962036133,0.020825672149658202
0.3,5,0.0129155,0.7,20,0.6033333333333334,0.13182479955523457,506,0.43333333333333335,0.6166666666666667,0.5333333333333333,0.8333333333333333,0.6,0.47508912086486815,0.021009445190429688
0.3,5,0.0129155,0.7,50,0.5533333333333333,0.151803967156476,649,0.7,0.26666666666666666,0.55,0.65,0.6000000000000001,0.4880812644958496,0.02086219787597656
0.3,5,0.0129155,0.9,5,0.54,0.055377492419453826,703,0.5166666666666667,0.5166666666666667,0.5166666666666667,0.65,0.5,0.4675319671630859,0.020672369003295898
0.3,5,0.0129155,0.9,10,0.54,0.055377492419453826,703,0.5166666666666667,0.5166666666666667,0.5166666666666667,0.65,0.5,0.46851291656494143,0.020862579345703125
0.3,5,0.0129155,0.9,20,0.6033333333333334,0.13182479955523457,506,0.43333333333333335,0.6166666666666667,0.5333333333333333,0.8333333333333333,0.6,0.47763762474060056,0.021763706207275392
0.3,5,0.0129155,0.9,50,0.5533333333333333,0.151803967156476,649,0.7,0.26666666666666666,0.55,0.65,0.6000000000000001,0.4861608982086182,0.020926189422607423
0.3,5,0.0464159,0.1,5,0.6100000000000001,0.12046207333061766,490,0.8166666666666667,0.6333333333333333,0.45,0.55,0.6,0.4887814998626709,0.020918846130371094
0.3,5,0.0464159,0.1,10,0.7066666666666668,0.11382247385975913,233,0.7333333333333334,0.8166666666666667,0.55,0.8333333333333333,0.6,0.4940441608428955,0.020633840560913087
0.3,5,0.0464159,0.1,20,0.7966666666666669,0.1480990659434871,12,0.9166666666666667,0.9,0.55,0.9166666666666667,0.7,0.4937715530395508,0.021176815032958984
0.3,5,0.0464159,0.1,50,0.72,0.11990737165736629,209,0.8166666666666667,0.8,0.55,0.8333333333333333,0.6000000000000001,0.5061843872070313,0.020991134643554687
0.3,5,0.0464159,0.3,5,0.63,0.1355646627177517,434,0.5333333333333333,0.8166666666666667,0.45,0.75,0.6,0.48511228561401365,0.021139860153198242
0.3,5,0.0464159,0.3,10,0.7033333333333334,0.19014614262602214,240,0.9166666666666667,0.8166666666666667,0.45,0.8333333333333333,0.5,0.49024138450622556,0.020979881286621094
0.3,5,0.0464159,0.3,20,0.76,0.15441646429200626,76,0.9166666666666667,0.9,0.55,0.8333333333333333,0.6,0.49678587913513184,0.020872735977172853
0.3,5,0.0464159,0.3,50,0.76,0.12543258481484518,76,0.7333333333333334,0.9,0.5333333333333333,0.8333333333333333,0.8,0.5067763805389405,0.020958137512207032
0.3,5,0.0464159,0.5,5,0.6066666666666667,0.11718930554164629,495,0.8166666666666667,0.5166666666666667,0.55,0.65,0.5,0.4718897819519043,0.020672702789306642
0.3,5,0.0464159,0.5,10,0.6066666666666667,0.11718930554164629,495,0.8166666666666667,0.5166666666666667,0.55,0.65,0.5,0.47677812576293943,0.020741081237792967
0.3,5,0.0464159,0.5,20,0.6633333333333333,0.14429907214608906,353,0.8166666666666667,0.6166666666666667,0.45,0.8333333333333333,0.6,0.4859330654144287,0.020761394500732423
0.3,5,0.0464159,0.5,50,0.5733333333333334,0.17969109295924737,586,0.8166666666666667,0.26666666666666666,0.5333333333333333,0.65,0.6000000000000001,0.4958760738372803,0.020908594131469727
0.3,5,0.0464159,0.7,5,0.54,0.055377492419453826,703,0.5166666666666667,0.5166666666666667,0.5166666666666667,0.65,0.5,0.46704726219177245,0.02071042060852051
0.3,5,0.0464159,0.7,10,0.54,0.055377492419453826,703,0.5166666666666667,0.5166666666666667,0.5166666666666667,0.65,0.5,0.46918249130249023,0.020690345764160158
0.3,5,0.0464159,0.7,20,0.6033333333333334,0.13182479955523457,506,0.43333333333333335,0.6166666666666667,0.5333333333333333,0.8333333333333333,0.6,0.48438048362731934,0.02090878486633301
0.3,5,0.0464159,0.7,50,0.5533333333333333,0.151803967156476,649,0.7,0.26666666666666666,0.55,0.65,0.6000000000000001,0.4843760967254639,0.020612382888793947
0.3,5,0.0464159,0.9,5,0.54,0.055377492419453826,703,0.5166666666666667,0.5166666666666667,0.5166666666666667,0.65,0.5,0.4679738521575928,0.020708894729614256
0.3,5,0.0464159,0.9,10,0.54,0.055377492419453826,703,0.5166666666666667,0.5166666666666667,0.5166666666666667,0.65,0.5,0.46590547561645507,0.02074289321899414
0.3,5,0.0464159,0.9,20,0.6033333333333334,0.13182479955523457,506,0.43333333333333335,0.6166666666666667,0.5333333333333333,0.8333333333333333,0.6,0.47202773094177247,0.020833873748779298
0.3,5,0.0464159,0.9,50,0.5533333333333333,0.151803967156476,649,0.7,0.26666666666666666,0.55,0.65,0.6000000000000001,0.48352551460266113,0.02074751853942871
0.3,5,0.16681,0.1,5,0.6466666666666667,0.11025223605694155,400,0.7333333333333334,0.7166666666666667,0.45,0.7333333333333334,0.6,0.5149788856506348,0.020799922943115234
0.3,5,0.16681,0.1,10,0.5833333333333333,0.11205157542647741,582,0.7166666666666667,0.7166666666666667,0.45,0.5333333333333333,0.5,0.5177320957183837,0.020549440383911134
0.3,5,0.16681,0.1,20,0.7,0.15527752931802818,269,0.7166666666666667,0.9,0.55,0.8333333333333333,0.5,0.5289570808410644,0.020986461639404298
0.3,5,0.16681,0.1,50,0.6799999999999999,0.17429221949868495,332,0.8166666666666667,0.8,0.55,0.8333333333333333,0.4,0.5340012550354004,0.021010112762451173
0.3,5,0.16681,0.3,5,0.68,0.16241236953439778,324,1.0,0.6166666666666667,0.55,0.6333333333333333,0.6,0.5231812000274658,0.021085500717163086
0.3,5,0.16681,0.3,10,0.6666666666666667,0.0960324019392529,346,0.6333333333333333,0.8166666666666667,0.55,0.7333333333333334,0.6,0.5246484756469727,0.020956945419311524
0.3,5,0.16681,0.3,20,0.7,0.1864880097426582,269,0.8166666666666667,0.9,0.45,0.8333333333333333,0.5,0.529402780532837,0.02088441848754883
0.3,5,0.16681,0.3,50,0.7,0.15527752931802818,269,0.7166666666666667,0.9,0.55,0.8333333333333333,0.5,0.5384612560272217,0.020858383178710936
0.3,5,0.16681,0.5,5,0.7033333333333334,0.17429221949868495,240,1.0,0.6166666666666667,0.55,0.55,0.8,0.524872875213623,0.02073531150817871
0.3,5,0.16681,0.5,10,0.7233333333333334,0.13316656236958785,170,0.7333333333333334,0.9,0.55,0.8333333333333333,0.6,0.5305551052093506,0.020957422256469727
0.3,5,0.16681,0.5,20,0.7166666666666668,0.20083160441856093,225,0.8166666666666667,0.9,0.45,0.9166666666666667,0.5,0.535536527633667,0.021109628677368163
0.3,5,0.16681,0.5,50,0.72,0.168457050246577,209,0.8166666666666667,0.9,0.45,0.8333333333333333,0.6000000000000001,0.5462571144104004,0.02096529006958008
0.3,5,0.16681,0.7,5,0.7433333333333334,0.10780641085864151,106,0.8166666666666667,0.8166666666666667,0.55,0.8333333333333333,0.7,0.5271987438201904,0.0209352970123291
0.3,5,0.16681,0.7,10,0.7799999999999999,0.1199073716573663,43,0.8166666666666667,0.9,0.55,0.8333333333333333,0.8,0.5316462039947509,0.02074408531188965
0.3,5,0.16681,0.7,20,0.68,0.1780761385225744,324,0.7166666666666667,0.9,0.45,0.8333333333333333,0.5,0.5363160610198975,0.020860576629638673
0.3,5,0.16681,0.7,50,0.7366666666666666,0.14313940369055925,162,0.8166666666666667,0.9,0.5333333333333333,0.8333333333333333,0.6,0.547732162475586,0.02093968391418457
0.3,5,0.16681,0.9,5,0.6833333333333333,0.1312334645668635,312,0.8166666666666667,0.5166666666666667,0.55,0.8333333333333333,0.7,0.5455431938171387,0.020599174499511718
0.3,5,0.16681,0.9,10,0.7233333333333334,0.1540562667772179,170,0.7333333333333334,0.9,0.45,0.8333333333333333,0.7,0.544462776184082,0.020811939239501955
0.3,5,0.16681,0.9,20,0.7566666666666667,0.11813363431112901,95,0.8166666666666667,0.9,0.6333333333333333,0.8333333333333333,0.6,0.5511116027832031,0.020657730102539063
0.3,5,0.16681,0.9,50,0.7966666666666666,0.08844332774281068,13,0.8166666666666667,0.9,0.6333333333333333,0.8333333333333333,0.8,0.5637479305267334,0.020778751373291014
0.3,5,0.599484,0.1,5,0.63,0.1045625809423875,434,0.7333333333333334,0.6333333333333333,0.45,0.7333333333333334,0.6,0.5841951847076416,0.020804166793823242
0.3,5,0.599484,0.1,10,0.7,0.10954451150103321,269,0.7166666666666667,0.8166666666666667,0.55,0.8166666666666667,0.6,0.5893477439880371,0.02069268226623535
0.3,5,0.599484,0.1,20,0.7,0.11595018087284058,269,0.7166666666666667,0.9,0.55,0.6333333333333333,0.7,0.5922334671020508,0.020830869674682617
0.3,5,0.599484,0.1,50,0.6799999999999999,0.1330830985178475,332,0.7166666666666667,0.8,0.55,0.8333333333333333,0.5,0.6043290138244629,0.02088308334350586
0.3,5,0.599484,0.3,5,0.6633333333333333,0.12710450643291746,353,0.7333333333333334,0.8166666666666667,0.45,0.7166666666666667,0.6,0.6031342029571534,0.020794248580932616
0.3,5,0.599484,0.3,10,0.6433333333333333,0.10780641085864152,406,0.7166666666666667,0.8166666666666667,0.55,0.5333333333333333,0.6,0.6149143695831298,0.020927238464355468
0.3,5,0.599484,0.3,20,0.7433333333333332,0.10466878978738386,125,0.7166666666666667,0.8166666666666667,0.55,0.8333333333333333,0.8,0.6120893955230713,0.020804691314697265
0.3,5,0.599484,0.3,50,0.6966666666666667,0.19476481543988727,298,0.7166666666666667,0.9,0.45,0.9166666666666667,0.5,0.6253554821014404,0.020853853225708006
0.3,5,0.599484,0.5,5,0.6633333333333333,0.09392668535736913,353,0.8166666666666667,0.7166666666666667,0.55,0.6333333333333333,0.6,0.6247146606445313,0.020627164840698244
0.3,5,0.599484,0.5,10,0.6866666666666668,0.12445436468396313,304,0.7333333333333334,0.8166666666666667,0.45,0.7333333333333334,0.7,0.6300317764282226,0.020842981338500977
0.3,5,0.599484,0.5,20,0.6833333333333332,0.13621877827801696,323,0.7166666666666667,0.8166666666666667,0.55,0.8333333333333333,0.5,0.6336490631103515,0.020968008041381835
0.3,5,0.599484,0.5,50,0.7,0.1864880097426582,269,0.8166666666666667,0.9,0.45,0.8333333333333333,0.5,0.6449546337127685,0.02086801528930664
0.3,5,0.599484,0.7,5,0.7266666666666666,0.10466878978738384,167,0.8333333333333333,0.7166666666666667,0.55,0.8333333333333333,0.7,0.6598694801330567,0.020992279052734375
0.3,5,0.599484,0.7,10,0.7033333333333334,0.16206994374857625,240,0.7333333333333334,0.9,0.45,0.8333333333333333,0.6,0.6642305374145507,0.020877599716186523
0.3,5,0.599484,0.7,20,0.7033333333333333,0.11323525167642018,257,0.7166666666666667,0.8166666666666667,0.55,0.8333333333333333,0.6,0.6677401542663575,0.02098712921142578
0.3,5,0.599484,0.7,50,0.6966666666666667,0.1586050300449376,298,0.7166666666666667,0.9,0.5333333333333333,0.8333333333333333,0.5,0.6815525531768799,0.020995473861694335
0.3,5,0.599484,0.9,5,0.7233333333333333,0.1051982255870633,187,0.8333333333333333,0.7,0.55,0.8333333333333333,0.7,0.6783934593200683,0.020888471603393556
0.3,5,0.599484,0.9,10,0.7033333333333334,0.15790292376436013,240,0.6333333333333333,0.9,0.45,0.8333333333333333,0.7,0.6828689575195312,0.020630741119384767
0.3,5,0.599484,0.9,20,0.6599999999999999,0.1565602475442317,378,0.7166666666666667,0.8,0.45,0.8333333333333333,0.5,0.6911962032318115,0.02072873115539551
0.3,5,0.599484,0.9,50,0.7000000000000001,0.16158932858054428,259,0.7166666666666667,0.9,0.45,0.8333333333333333,0.6,0.6986185073852539,0.021013402938842775
0.3,5,2.15443,0.1,5,0.5733333333333334,0.06879922480183429,586,0.55,0.6333333333333333,0.45,0.6333333333333333,0.6,0.6964924812316895,0.020773553848266603
0.3,5,2.15443,0.1,10,0.6399999999999999,0.12046207333061766,417,0.6333333333333333,0.7,0.45,0.8166666666666667,0.6,0.7043174266815185,0.02100234031677246
0.3,5,2.15443,0.1,20,0.6433333333333333,0.11382247385975915,406,0.7166666666666667,0.8166666666666667,0.55,0.6333333333333333,0.5,0.7101392269134521,0.02105116844177246
0.3,5,2.15443,0.1,50,0.7366666666666668,0.13880441875771343,157,0.8166666666666667,0.8,0.55,0.9166666666666667,0.6,0.7178359031677246,0.021146297454833984
0.3,5,2.15443,0.3,5,0.6466666666666667,0.12445436468396313,400,0.8166666666666667,0.6333333333333333,0.45,0.7333333333333334,0.6,0.7548542499542237,0.020874786376953124
0.3,5,2.15443,0.3,10,0.7000000000000001,0.10697871023920809,259,0.8,0.8166666666666667,0.55,0.7333333333333334,0.6,0.7587620258331299,0.021055126190185548
0.3,5,2.15443,0.3,20,0.6633333333333332,0.16579773487261182,371,0.7166666666666667,0.8166666666666667,0.55,0.8333333333333333,0.4,0.7638097286224366,0.02089681625366211
0.3,5,2.15443,0.3,50,0.6766666666666666,0.17720045146669353,342,0.7166666666666667,0.8,0.45,0.9166666666666667,0.5,0.7781566143035888,0.0210174560546875
0.3,5,2.15443,0.5,5,0.6599999999999999,0.12543258481484518,378,0.8166666666666667,0.7166666666666667,0.45,0.7166666666666667,0.6,0.8046855926513672,0.02069821357727051
0.3,5,2.15443,0.5,10,0.6633333333333333,0.12710450643291746,353,0.7166666666666667,0.8166666666666667,0.45,0.7333333333333334,0.6,0.807644271850586,0.020854663848876954
0.3,5,2.15443,0.5,20,0.6799999999999999,0.09153020145163988,332,0.7166666666666667,0.8,0.55,0.7333333333333334,0.6,0.8124676704406738,0.02106485366821289
0.3,5,2.15443,0.5,50,0.68,0.1780761385225744,324,0.7166666666666667,0.9,0.45,0.8333333333333333,0.5,0.8217082977294922,0.020977878570556642
0.3,5,2.15443,0.7,5,0.68,0.18178130939247975,324,1.0,0.7166666666666667,0.45,0.6333333333333333,0.6,0.8784952640533448,0.02088775634765625
0.3,5,2.15443,0.7,10,0.6033333333333333,0.15755069730795296,522,0.7166666666666667,0.8166666666666667,0.45,0.6333333333333333,0.4,0.8784386157989502,0.02112135887145996
0.3,5,2.15443,0.7,20,0.74,0.1565602475442317,136,0.7166666666666667,0.9,0.45,0.8333333333333333,0.8,0.8836337566375733,0.020920515060424805
0.3,5,2.15443,0.7,50,0.7166666666666667,0.16832508230603466,229,0.8166666666666667,0.8,0.45,0.9166666666666667,0.6,0.894249153137207,0.02083892822265625
0.3,5,2.15443,0.9,5,0.7,0.15951314818673865,269,1.0,0.7166666666666667,0.55,0.6333333333333333,0.6,0.9193020343780518,0.02082509994506836
0.3,5,2.15443,0.9,10,0.6066666666666667,0.12229290885229427,495,0.6333333333333333,0.8166666666666667,0.45,0.5333333333333333,0.6,0.92616286277771,0.021022462844848634
0.3,5,2.15443,0.9,20,0.7000000000000001,0.16158932858054428,259,0.7166666666666667,0.9,0.45,0.8333333333333333,0.6,0.9317926406860352,0.021047019958496095
0.3,5,2.15443,0.9,50,0.6833333333333333,0.12605113600792692,312,0.7166666666666667,0.7166666666666667,0.45,0.8333333333333333,0.7,0.9412013053894043,0.021008110046386717
0.3,5,7.74264,0.1,5,0.5133333333333333,0.06782329983125267,786,0.45,0.5333333333333333,0.45,0.6333333333333333,0.5,0.7663662433624268,0.021149444580078124
0.3,5,7.74264,0.1,10,0.6566666666666667,0.15297058540778355,384,0.8166666666666667,0.8,0.45,0.7166666666666667,0.5,0.770689058303833,0.02095685005187988
0.3,5,7.74264,0.1,20,0.6833333333333333,0.09603240193925287,312,0.7166666666666667,0.8166666666666667,0.55,0.7333333333333334,0.6,0.7773111820220947,0.020985746383666994
0.3,5,7.74264,0.1,50,0.7166666666666668,0.16227548592850782,225,0.8166666666666667,0.8,0.55,0.9166666666666667,0.5,0.7860217094421387,0.020963668823242188
0.3,5,7.74264,0.3,5,0.6100000000000001,0.09165151389911681,490,0.7333333333333334,0.6333333333333333,0.45,0.6333333333333333,0.6,0.9462872982025147,0.02094416618347168
0.3,5,7.74264,0.3,10,0.7,0.10954451150103321,269,0.8166666666666667,0.7166666666666667,0.55,0.8166666666666667,0.6,0.9493436813354492,0.020821762084960938
0.3,5,7.74264,0.3,20,0.64,0.150037032465692,415,0.7166666666666667,0.9,0.55,0.5333333333333333,0.5,0.9549642562866211,0.021061038970947264
0.3,5,7.74264,0.3,50,0.7166666666666668,0.17224014243685087,225,0.7166666666666667,0.9,0.55,0.9166666666666667,0.5,0.9680076122283936,0.020870018005371093
0.3,5,7.74264,0.5,5,0.63,0.1045625809423875,434,0.7333333333333334,0.6333333333333333,0.45,0.7333333333333334,0.6,1.010880947113037,0.02100033760070801
0.3,5,7.74264,0.5,10,0.6433333333333334,0.0703957069398096,404,0.7166666666666667,0.6166666666666667,0.55,0.7333333333333334,0.6,1.0187816143035888,0.020731306076049803
0.3,5,7.74264,0.5,20,0.6399999999999999,0.14742229591663986,417,0.7166666666666667,0.8166666666666667,0.55,0.7166666666666667,0.4,1.0212464809417725,0.020900201797485352
0.3,5,7.74264,0.5,50,0.7166666666666668,0.20083160441856093,225,0.8166666666666667,0.9,0.45,0.9166666666666667,0.5,1.0293601512908936,0.020947599411010744
0.3,5,7.74264,0.7,5,0.6399999999999999,0.14047538337136983,417,0.8166666666666667,0.7166666666666667,0.45,0.7166666666666667,0.5,1.0647346019744872,0.020945978164672852
0.3,5,7.74264,0.7,10,0.6633333333333333,0.12710450643291746,353,0.7166666666666667,0.8166666666666667,0.45,0.7333333333333334,0.6,1.0729929447174071,0.02091221809387207
0.3,5,7.74264,0.7,20,0.6433333333333333,0.1492946378437246,406,0.7166666666666667,0.8166666666666667,0.55,0.7333333333333334,0.4,1.0759127140045166,0.02061495780944824
0.3,5,7.74264,0.7,50,0.7,0.1864880097426582,269,0.8166666666666667,0.9,0.45,0.8333333333333333,0.5,1.0861573696136475,0.020873165130615233
0.3,5,7.74264,0.9,5,0.6233333333333333,0.12229290885229427,442,0.8166666666666667,0.7166666666666667,0.55,0.5333333333333333,0.5,1.1583133220672608,0.02093796730041504
0.3,5,7.74264,0.9,10,0.6799999999999999,0.13999999999999999,332,0.7166666666666667,0.8166666666666667,0.45,0.8166666666666667,0.6,1.1586621284484864,0.020999383926391602
0.3,5,7.74264,0.9,20,0.66,0.17081503967091943,373,0.7166666666666667,0.9,0.55,0.7333333333333334,0.4,1.159345817565918,0.020860862731933594
0.3,5,7.74264,0.9,50,0.6966666666666667,0.18601075237738277,298,0.8166666666666667,0.8,0.45,0.9166666666666667,0.5,1.1674371242523194,0.02093958854675293
0.3,5,27.8256,0.1,5,0.4933333333333333,0.08205689083394112,792,0.45,0.5333333333333333,0.45,0.6333333333333333,0.4,0.7663428783416748,0.02082962989807129
0.3,5,27.8256,0.1,10,0.57,0.07916228058025276,624,0.6333333333333333,0.6333333333333333,0.45,0.6333333333333333,0.5,0.7725472450256348,0.02111477851867676
0.3,5,27.8256,0.1,20,0.6799999999999999,0.09153020145163988,332,0.7166666666666667,0.8,0.55,0.7333333333333334,0.6,0.7767039775848389,0.02095646858215332
0.3,5,27.8256,0.1,50,0.7766666666666667,0.13686976778431872,49,0.8166666666666667,0.9,0.55,0.9166666666666667,0.7,0.7905505657196045,0.022144174575805663
0.3,5,27.8256,0.3,5,0.4933333333333333,0.08205689083394112,792,0.45,0.5333333333333333,0.45,0.6333333333333333,0.4,0.8935147285461426,0.020939397811889648
0.3,5,27.8256,0.3,10,0.6366666666666666,0.13638181696985857,423,0.7166666666666667,0.8,0.45,0.7166666666666667,0.5,0.8993236541748046,0.0207979679107666
0.3,5,27.8256,0.3,20,0.72,0.09797958971132709,209,0.7166666666666667,0.8166666666666667,0.55,0.8166666666666667,0.7,0.9077126026153565,0.02107968330383301
0.3,5,27.8256,0.3,50,0.72,0.1330830985178475,209,0.7166666666666667,0.9,0.55,0.8333333333333333,0.6,0.9155154705047608,0.021082305908203126
0.3,5,27.8256,0.5,5,0.5900000000000001,0.08856886837057613,530,0.55,0.6333333333333333,0.45,0.7166666666666667,0.6,1.0248298168182373,0.020804882049560547
0.3,5,27.8256,0.5,10,0.6566666666666666,0.15513435037626794,387,0.8166666666666667,0.7,0.45,0.8166666666666667,0.5,1.0293989658355713,0.020907163619995117
0.3,5,27.8256,0.5,20,0.7,0.10954451150103321,269,0.7166666666666667,0.8166666666666667,0.55,0.8166666666666667,0.6,1.0342959403991698,0.02085247039794922
0.3,5,27.8256,0.5,50,0.7,0.14414498873626433,269,0.8166666666666667,0.8,0.55,0.8333333333333333,0.5,1.0495079517364503,0.0209653377532959
0.3,5,27.8256,0.7,5,0.6066666666666667,0.0873053390247253,495,0.7166666666666667,0.6333333333333333,0.45,0.6333333333333333,0.6,1.1224517822265625,0.02194972038269043
0.3,5,27.8256,0.7,10,0.6633333333333333,0.09392668535736913,353,0.6333333333333333,0.7166666666666667,0.55,0.8166666666666667,0.6,1.1270356178283691,0.02100481986999512
0.3,5,27.8256,0.7,20,0.6566666666666667,0.14165686240583852,384,0.7166666666666667,0.9,0.55,0.6166666666666667,0.5,1.1285326957702637,0.020881795883178712
0.3,5,27.8256,0.7,50,0.72,0.16241236953439775,209,0.8166666666666667,0.9,0.55,0.8333333333333333,0.5,1.1383656978607177,0.020849895477294923
0.3,5,27.8256,0.9,5,0.6100000000000001,0.09165151389911681,490,0.7333333333333334,0.6333333333333333,0.45,0.6333333333333333,0.6,1.2004683017730713,0.02098979949951172
0.3,5,27.8256,0.9,10,0.6633333333333333,0.07408703590297623,353,0.7166666666666667,0.7166666666666667,0.55,0.7333333333333334,0.6,1.2058006286621095,0.02087235450744629
0.3,5,27.8256,0.9,20,0.6966666666666668,0.12083045973594572,296,0.7166666666666667,0.9,0.55,0.7166666666666667,0.6,1.211893129348755,0.020951080322265624
0.3,5,27.8256,0.9,50,0.7,0.1864880097426582,269,0.8166666666666667,0.9,0.45,0.8333333333333333,0.5,1.2208352565765381,0.021219253540039062
0.3,5,100.0,0.1,5,0.5333333333333333,0.07527726527090808,768,0.45,0.5333333333333333,0.45,0.6333333333333333,0.6,0.8253789901733398,0.02074599266052246
0.3,5,100.0,0.1,10,0.57,0.09510228411791403,624,0.55,0.7166666666666667,0.45,0.6333333333333333,0.5,0.8293995380401611,0.021067285537719728
0.3,5,100.0,0.1,20,0.7,0.08232726023485647,269,0.7166666666666667,0.8,0.55,0.7333333333333334,0.7,0.8358101844787598,0.020915460586547852
0.3,5,100.0,0.1,50,0.72,0.1199073716573663,209,0.8166666666666667,0.8,0.55,0.8333333333333333,0.6,0.8436882972717286,0.02100672721862793
0.3,5,100.0,0.3,5,0.4933333333333333,0.08205689083394112,792,0.45,0.5333333333333333,0.45,0.6333333333333333,0.4,0.8283215045928956,0.02080841064453125
0.3,5,100.0,0.3,10,0.5499999999999999,0.10327955589886444,681,0.6333333333333333,0.6333333333333333,0.45,0.6333333333333333,0.4,0.8343018054962158,0.02094278335571289
0.3,5,100.0,0.3,20,0.7000000000000001,0.12156388352540314,259,0.7166666666666667,0.9,0.55,0.7333333333333334,0.6,0.8366046905517578,0.021045923233032227
0.3,5,100.0,0.3,50,0.74,0.13848385385227324,136,0.8166666666666667,0.9,0.55,0.8333333333333333,0.6,0.8480743885040283,0.021132564544677733
0.3,5,100.0,0.5,5,0.4933333333333333,0.08205689083394112,792,0.45,0.5333333333333333,0.45,0.6333333333333333,0.4,0.8503458976745606,0.02093195915222168
0.3,5,100.0,0.5,10,0.57,0.07916228058025276,624,0.6333333333333333,0.6333333333333333,0.45,0.6333333333333333,0.5,0.8528927803039551,0.02089667320251465
0.3,5,100.0,0.5,20,0.6799999999999999,0.13266499161421597,332,0.7166666666666667,0.8166666666666667,0.55,0.8166666666666667,0.5,0.8577733993530273,0.02110452651977539
0.3,5,100.0,0.5,50,0.7233333333333334,0.12229290885229425,170,0.8166666666666667,0.8166666666666667,0.55,0.8333333333333333,0.6,0.869995403289795,0.02109637260437012
0.3,5,100.0,0.7,5,0.4933333333333333,0.08205689083394112,792,0.45,0.5333333333333333,0.45,0.6333333333333333,0.4,0.8845767498016357,0.02097430229187012
0.3,5,100.0,0.7,10,0.62,0.1305543735171076,478,0.6333333333333333,0.8,0.45,0.7166666666666667,0.5,0.8939126491546631,0.021126270294189453
0.3,5,100.0,0.7,20,0.7,0.10954451150103321,269,0.7166666666666667,0.8166666666666667,0.55,0.8166666666666667,0.6,0.8984294891357422,0.02107868194580078
0.3,5,100.0,0.7,50,0.74,0.12274635093014646,136,0.7166666666666667,0.8166666666666667,0.55,0.9166666666666667,0.7,0.9082577705383301,0.021112585067749025
0.3,5,100.0,0.9,5,0.4933333333333333,0.08205689083394112,792,0.45,0.5333333333333333,0.45,0.6333333333333333,0.4,0.9536112308502197,0.021115732192993165
0.3,5,100.0,0.9,10,0.6366666666666666,0.13638181696985857,423,0.7166666666666667,0.8,0.45,0.7166666666666667,0.5,0.9583025455474854,0.020903968811035158
0.3,5,100.0,0.9,20,0.6799999999999999,0.13266499161421597,332,0.7166666666666667,0.8166666666666667,0.55,0.8166666666666667,0.5,0.9672061443328858,0.021425533294677734
0.3,5,100.0,0.9,50,0.7400000000000001,0.14047538337136986,128,0.8166666666666667,0.8166666666666667,0.55,0.9166666666666667,0.6,0.9738345146179199,0.02103848457336426
