param_clf__shrink_threshold,param_selector__C,param_selector__l1_ratio,param_selector__top_k,mean_test_score,std_test_score,rank_test_score,split0_test_score,split1_test_score,split2_test_score,split3_test_score,split4_test_score,mean_fit_time,mean_score_time
,0.001,0.1,5,0.5166666666666668,0.07527726527090811,718,0.5166666666666667,0.6166666666666667,0.5833333333333334,0.43333333333333335,0.43333333333333335,0.0031649589538574217,0.0014075279235839845
,0.001,0.1,10,0.5766666666666665,0.10252370999486464,562,0.5166666666666667,0.7166666666666667,0.6666666666666666,0.43333333333333335,0.55,0.0030592918395996095,0.0013286113739013673
,0.001,0.1,20,0.5866666666666667,0.08259674462242578,519,0.43333333333333335,0.6333333333333333,0.65,0.65,0.5666666666666667,0.003141975402832031,0.001363992691040039
,0.001,0.1,50,0.6866666666666668,0.05811865258054231,263,0.6166666666666667,0.7166666666666667,0.6166666666666667,0.7333333333333334,0.75,0.003069162368774414,0.0013433933258056641
,0.001,0.3,5,0.5166666666666668,0.07527726527090811,718,0.5166666666666667,0.6166666666666667,0.5833333333333334,0.43333333333333335,0.43333333333333335,0.003121471405029297,0.0013331890106201172
,0.001,0.3,10,0.5766666666666665,0.10252370999486464,562,0.5166666666666667,0.7166666666666667,0.6666666666666666,0.43333333333333335,0.55,0.0031286239624023437,0.0013510704040527344
,0.001,0.3,20,0.5866666666666667,0.08259674462242578,519,0.43333333333333335,0.6333333333333333,0.65,0.65,0.5666666666666667,0.003046464920043945,0.00131988525390625
,0.001,0.3,50,0.6866666666666668,0.05811865258054231,263,0.6166666666666667,0.7166666666666667,0.6166666666666667,0.7333333333333334,0.75,0.0030714035034179687,0.0013226509094238282
,0.001,0.5,5,0.5166666666666668,0.07527726527090811,718,0.5166666666666667,0.6166666666666667,0.5833333333333334,0.43333333333333335,0.43333333333333335,0.0031242847442626955,0.0013393402099609376
,0.001,0.5,10,0.5766666666666665,0.10252370999486464,562,0.5166666666666667,0.7166666666666667,0.6666666666666666,0.43333333333333335,0.55,0.003044319152832031,0.0013440608978271484
,0.001,0.5,20,0.5866666666666667,0.08259674462242578,519,0.43333333333333335,0.6333333333333333,0.65,0.65,0.5666666666666667,0.003075838088989258,0.0013246536254882812
,0.001,0.5,50,0.6866666666666668,0.05811865258054231,263,0.6166666666666667,0.7166666666666667,0.6166666666666667,0.7333333333333334,0.75,0.0030730724334716796,0.001338052749633789
,0.001,0.7,5,0.5166666666666668,0.07527726527090811,718,0.5166666666666667,0.6166666666666667,0.5833333333333334,0.43333333333333335,0.43333333333333335,0.0031453609466552735,0.0013385295867919921
,0.001,0.7,10,0.5766666666666665,0.10252370999486464,562,0.5166666666666667,0.7166666666666667,0.6666666666666666,0.43333333333333335,0.55,0.0030809879302978516,0.0013244152069091797
,0.001,0.7,20,0.5866666666666667,0.08259674462242578,519,0.43333333333333335,0.6333333333333333,0.65,0.65,0.5666666666666667,0.0030797004699707033,0.0013269901275634766
,0.001,0.7,50,0.6866666666666668,0.05811865258054231,263,0.6166666666666667,0.7166666666666667,0.6166666666666667,0.7333333333333334,0.75,0.003102827072143555,0.001333761215209961
,0.001,0.9,5,0.5166666666666668,0.07527726527090811,718,0.5166666666666667,0.6166666666666667,0.5833333333333334,0.43333333333333335,0.43333333333333335,0.0031424999237060548,0.0013365745544433594
,0.001,0.9,10,0.5766666666666665,0.10252370999486464,562,0.5166666666666667,0.7166666666666667,0.6666666666666666,0.43333333333333335,0.55,0.0030724048614501954,0.0013360023498535157
,0.001,0.9,20,0.5866666666666667,0.08259674462242578,519,0.43333333333333335,0.6333333333333333,0.65,0.65,0.5666666666666667,0.0030694007873535156,0.0013283729553222657
,0.001,0.9,50,0.6866666666666668,0.05811865258054231,263,0.6166666666666667,0.7166666666666667,0.6166666666666667,0.7333333333333334,0.75,0.0032077312469482424,0.0013634681701660157
,0.00359381,0.1,5,0.5166666666666668,0.07527726527090811,718,0.5166666666666667,0.6166666666666667,0.5833333333333334,0.43333333333333335,0.43333333333333335,0.00388336181640625,0.0013456344604492188
,0.00359381,0.1,10,0.5766666666666665,0.10252370999486464,562,0.5166666666666667,0.7166666666666667,0.6666666666666666,0.43333333333333335,0.55,0.0038980960845947264,0.001364278793334961
,0.00359381,0.1,20,0.5866666666666667,0.08259674462242578,519,0.43333333333333335,0.6333333333333333,0.65,0.65,0.5666666666666667,0.003919839859008789,0.0013453006744384766
,0.00359381,0.1,50,0.6866666666666668,0.05811865258054231,263,0.6166666666666667,0.7166666666666667,0.6166666666666667,0.7333333333333334,0.75,0.0038670063018798827,0.0013388633728027345
,0.00359381,0.3,5,0.5166666666666668,0.07527726527090811,718,0.5166666666666667,0.6166666666666667,0.5833333333333334,0.43333333333333335,0.43333333333333335,0.00317840576171875,0.0013685226440429688
,0.00359381,0.3,10,0.5766666666666665,0.10252370999486464,562,0.5166666666666667,0.7166666666666667,0.6666666666666666,0.43333333333333335,0.55,0.003085947036743164,0.0013379096984863282
,0.00359381,0.3,20,0.5866666666666667,0.08259674462242578,519,0.43333333333333335,0.6333333333333333,0.65,0.65,0.5666666666666667,0.0030785560607910155,0.0013454437255859375
,0.00359381,0.3,50,0.6866666666666668,0.05811865258054231,263,0.6166666666666667,0.7166666666666667,0.6166666666666667,0.7333333333333334,0.75,0.003194904327392578,0.001393270492553711
,0.00359381,0.5,5,0.5166666666666668,0.07527726527090811,718,0.5166666666666667,0.6166666666666667,0.5833333333333334,0.43333333333333335,0.43333333333333335,0.003257942199707031,0.001375722885131836
,0.00359381,0.5,10,0.5766666666666665,0.10252370999486464,562,0.5166666666666667,0.7166666666666667,0.6666666666666666,0.43333333333333335,0.55,0.00319056510925293,0.0013856887817382812
,0.00359381,0.5,20,0.5866666666666667,0.08259674462242578,519,0.43333333333333335,0.6333333333333333,0.65,0.65,0.5666666666666667,0.0031815052032470705,0.0013800621032714843
,0.00359381,0.5,50,0.6866666666666668,0.05811865258054231,263,0.6166666666666667,0.7166666666666667,0.6166666666666667,0.7333333333333334,0.75,0.003209352493286133,0.0014604568481445313
,0.00359381,0.7,5,0.5166666666666668,0.07527726527090811,718,0.5166666666666667,0.6166666666666667,0.5833333333333334,0.43333333333333335,0.43333333333333335,0.0032147884368896483,0.0013908863067626954
,0.00359381,0.7,10,0.5766666666666665,0.10252370999486464,562,0.5166666666666667,0.7166666666666667,0.6666666666666666,0.43333333333333335,0.55,0.003216457366943359,0.001382160186767578
,0.00359381,0.7,20,0.5866666666666667,0.08259674462242578,519,0.43333333333333335,0.6333333333333333,0.65,0.65,0.5666666666666667,0.003190898895263672,0.0013894081115722657
,0.00359381,0.7,50,0.6866666666666668,0.05811865258054231,263,0.6166666666666667,0.7166666666666667,0.6166666666666667,0.7333333333333334,0.75,0.003273296356201172,0.0013873577117919922
,0.00359381,0.9,5,0.5166666666666668,0.07527726527090811,718,0.5166666666666667,0.6166666666666667,0.5833333333333334,0.43333333333333335,0.43333333333333335,0.003185415267944336,0.0013910293579101562
,0.00359381,0.9,10,0.5766666666666665,0.10252370999486464,562,0.5166666666666667,0.7166666666666667,0.6666666666666666,0.43333333333333335,0.55,0.0032018184661865234,0.0013811111450195313
,0.00359381,0.9,20,0.5866666666666667,0.08259674462242578,519,0.43333333333333335,0.6333333333333333,0.65,0.65,0.5666666666666667,0.0031826972961425783,0.0013778209686279297
,0.00359381,0.9,50,0.6866666666666668,0.05811865258054231,263,0.6166666666666667,0.7166666666666667,0.6166666666666667,0.7333333333333334,0.75,0.0032601356506347656,0.0014059066772460938
,0.0129155,0.1,5,0.5633333333333334,0.16377491328717664,603,0.65,0.26666666666666666,0.5166666666666667,0.7333333333333334,0.65,0.011636447906494141,0.0013904571533203125
,0.0129155,0.1,10,0.6166666666666666,0.13703203194062977,491,0.8166666666666667,0.45,0.5166666666666667,0.5666666666666667,0.7333333333333334,0.011746454238891601,0.0014109611511230469
,0.0129155,0.1,20,0.6933333333333334,0.08602325267042628,221,0.8166666666666667,0.6333333333333333,0.7166666666666667,0.5666666666666667,0.7333333333333334,0.011689138412475587,0.0014206886291503907
,0.0129155,0.1,50,0.7699999999999999,0.07408703590297623,83,0.8166666666666667,0.6333333333333333,0.8166666666666667,0.8333333333333333,0.75,0.011669731140136719,0.0013928413391113281
,0.0129155,0.3,5,0.5166666666666668,0.07527726527090811,718,0.5166666666666667,0.6166666666666667,0.5833333333333334,0.43333333333333335,0.43333333333333335,0.004128837585449218,0.0013841629028320313
,0.0129155,0.3,10,0.5766666666666665,0.10252370999486464,562,0.5166666666666667,0.7166666666666667,0.6666666666666666,0.43333333333333335,0.55,0.004127788543701172,0.0013756275177001954
,0.0129155,0.3,20,0.5866666666666667,0.08259674462242578,519,0.43333333333333335,0.6333333333333333,0.65,0.65,0.5666666666666667,0.004075002670288086,0.0013912200927734375
,0.0129155,0.3,50,0.6866666666666668,0.05811865258054231,263,0.6166666666666667,0.7166666666666667,0.6166666666666667,0.7333333333333334,0.75,0.0041176795959472655,0.0013857841491699218
,0.0129155,0.5,5,0.5166666666666668,0.07527726527090811,718,0.5166666666666667,0.6166666666666667,0.5833333333333334,0.43333333333333335,0.43333333333333335,0.0037394046783447267,0.001398181915283203
,0.0129155,0.5,10,0.5766666666666665,0.10252370999486464,562,0.5166666666666667,0.7166666666666667,0.6666666666666666,0.43333333333333335,0.55,0.0036837100982666016,0.0013935089111328125
,0.0129155,0.5,20,0.5866666666666667,0.08259674462242578,519,0.43333333333333335,0.6333333333333333,0.65,0.65,0.5666666666666667,0.00364537239074707,0.0013869285583496093
,0.0129155,0.5,50,0.6866666666666668,0.05811865258054231,263,0.6166666666666667,0.7166666666666667,0.6166666666666667,0.7333333333333334,0.75,0.003717517852783203,0.0013923168182373047
,0.0129155,0.7,5,0.5166666666666668,0.07527726527090811,718,0.5166666666666667,0.6166666666666667,0.5833333333333334,0.43333333333333335,0.43333333333333335,0.003654336929321289,0.0013797283172607422
,0.0129155,0.7,10,0.5766666666666665,0.10252370999486464,562,0.5166666666666667,0.7166666666666667,0.6666666666666666,0.43333333333333335,0.55,0.0036651611328125,0.0013837814331054688
,0.0129155,0.7,20,0.5866666666666667,0.08259674462242578,519,0.43333333333333335,0.6333333333333333,0.65,0.65,0.5666666666666667,0.0036258697509765625,0.0013979434967041015
,0.0129155,0.7,50,0.6866666666666668,0.05811865258054231,263,0.6166666666666667,0.7166666666666667,0.6166666666666667,0.7333333333333334,0.75,0.003747987747192383,0.0013860225677490234
,0.0129155,0.9,5,0.5166666666666668,0.07527726527090811,718,0.5166666666666667,0.6166666666666667,0.5833333333333334,0.43333333333333335,0.43333333333333335,0.0032610416412353514,0.0013814449310302734
,0.0129155,0.9,10,0.5766666666666665,0.10252370999486464,562,0.5166666666666667,0.7166666666666667,0.6666666666666666,0.43333333333333335,0.55,0.003305959701538086,0.0013820171356201173
,0.0129155,0.9,20,0.5866666666666667,0.08259674462242578,519,0.43333333333333335,0.6333333333333333,0.65,0.65,0.5666666666666667,0.0032856941223144533,0.001383829116821289
,0.0129155,0.9,50,0.6866666666666668,0.05811865258054231,263,0.6166666666666667,0.7166666666666667,0.6166666666666667,0.7333333333333334,0.75,0.0033808231353759767,0.0013891220092773437
,0.0464159,0.1,5,0.6766666666666666,0.1231981240838422,314,0.8,0.45,0.75,0.7333333333333334,0.65,0.022091770172119142,0.001403951644897461
,0.0464159,0.1,10,0.6366666666666667,0.12970050972229147,458,0.7166666666666667,0.5333333333333333,0.75,0.75,0.43333333333333335,0.022159910202026366,0.0014402389526367188
,0.0464159,0.1,20,0.7666666666666666,0.049441323247304395,101,0.7166666666666667,0.7166666666666667,0.8333333333333333,0.75,0.8166666666666667,0.022132253646850585,0.001411104202270508
,0.0464159,0.1,50,0.8233333333333335,0.07498147919467996,1,0.8166666666666667,0.9,0.7333333333333334,0.9166666666666667,0.75,0.02218770980834961,0.0014234542846679687
,0.0464159,0.3,5,0.5266666666666666,0.1818424226264781,710,0.7166666666666667,0.26666666666666666,0.35,0.65,0.65,0.022370243072509767,0.0014156341552734376
,0.0464159,0.3,10,0.6966666666666667,0.11372481406154653,213,0.8166666666666667,0.5333333333333333,0.8333333333333333,0.6666666666666666,0.6333333333333333,0.02235546112060547,0.0014090538024902344
,0.0464159,0.3,20,0.7833333333333333,0.09189365834726815,59,0.8166666666666667,0.9,0.7333333333333334,0.8333333333333333,0.6333333333333333,0.022304487228393555,0.001413440704345703
,0.0464159,0.3,50,0.7699999999999999,0.046427960923947034,83,0.8166666666666667,0.7166666666666667,0.7333333333333334,0.8333333333333333,0.75,0.0223330020904541,0.0014114856719970703
,0.0464159,0.5,5,0.5366666666666667,0.07557189365836424,673,0.55,0.6166666666666667,0.6166666666666667,0.43333333333333335,0.4666666666666667,0.013487291336059571,0.0013914108276367188
,0.0464159,0.5,10,0.5733333333333335,0.1067707825203131,578,0.6333333333333333,0.7166666666666667,0.6166666666666667,0.43333333333333335,0.4666666666666667,0.013421344757080077,0.0013952255249023438
,0.0464159,0.5,20,0.6399999999999999,0.1108552609887726,455,0.6333333333333333,0.6333333333333333,0.8166666666666667,0.65,0.4666666666666667,0.013382625579833985,0.0013912677764892577
,0.0464159,0.5,50,0.75,0.034960294939005036,122,0.7333333333333334,0.7166666666666667,0.8166666666666667,0.7333333333333334,0.75,0.013251304626464844,0.0013850212097167968
,0.0464159,0.7,5,0.5166666666666668,0.07527726527090811,718,0.5166666666666667,0.6166666666666667,0.5833333333333334,0.43333333333333335,0.43333333333333335,0.0042206764221191405,0.0014016151428222657
,0.0464159,0.7,10,0.5766666666666665,0.10252370999486464,562,0.5166666666666667,0.7166666666666667,0.6666666666666666,0.43333333333333335,0.55,0.004183197021484375,0.001383209228515625
,0.0464159,0.7,20,0.5866666666666667,0.08259674462242578,519,0.43333333333333335,0.6333333333333333,0.65,0.65,0.5666666666666667,0.00413203239440918,0.0013929367065429687
,0.0464159,0.7,50,0.6866666666666668,0.05811865258054231,263,0.6166666666666667,0.7166666666666667,0.6166666666666667,0.7333333333333334,0.75,0.004203128814697266,0.0013972759246826173
,0.0464159,0.9,5,0.5166666666666668,0.07527726527090811,718,0.5166666666666667,0.6166666666666667,0.5833333333333334,0.43333333333333335,0.43333333333333335,0.004091024398803711,0.0013853549957275391
,0.0464159,0.9,10,0.5766666666666665,0.10252370999486464,562,0.5166666666666667,0.7166666666666667,0.6666666666666666,0.43333333333333335,0.55,0.00410313606262207,0.001387166976928711
,0.0464159,0.9,20,0.5866666666666667,0.08259674462242578,519,0.43333333333333335,0.6333333333333333,0.65,0.65,0.5666666666666667,0.004079103469848633,0.0013929367065429687
,0.0464159,0.9,50,0.6866666666666668,0.05811865258054231,263,0.6166666666666667,0.7166666666666667,0.6166666666666667,0.7333333333333334,0.75,0.004198265075683594,0.0013890743255615234
,0.16681,0.1,5,0.65,0.09718253158075497,434,0.6,0.55,0.8333333333333333,0.65,0.6166666666666667,0.05207490921020508,0.001447296142578125
,0.16681,0.1,10,0.7100000000000001,0.07930251502246877,181,0.6166666666666667,0.7166666666666667,0.8333333333333333,0.75,0.6333333333333333,0.051680469512939455,0.001444387435913086
,0.16681,0.1,20,0.7533333333333333,0.07102425250887505,115,0.8166666666666667,0.6333333333333333,0.8333333333333333,0.75,0.7333333333333334,0.05201644897460937,0.0014556407928466796
,0.16681,0.1,50,0.7699999999999999,0.03999999999999999,83,0.7166666666666667,0.8166666666666667,0.8166666666666667,0.75,0.75,0.051986980438232425,0.0014736175537109375
,0.16681,0.3,5,0.67,0.1151810169544733,356,0.8,0.55,0.8166666666666667,0.5666666666666667,0.6166666666666667,0.0565854549407959,0.0014646530151367187
,0.16681,0.3,10,0.65,0.19635568633364187,434,0.6166666666666667,0.45,0.8333333333333333,0.9166666666666667,0.43333333333333335,0.05585060119628906,0.0014464855194091797
,0.16681,0.3,20,0.7166666666666667,0.036514837167011066,170,0.7166666666666667,0.7166666666666667,0.75,0.75,0.65,0.055915212631225585,0.0014750957489013672
,0.16681,0.3,50,0.7699999999999999,0.046427960923947034,83,0.7166666666666667,0.8166666666666667,0.7333333333333334,0.8333333333333333,0.75,0.05569601058959961,0.001455068588256836
,0.16681,0.5,5,0.5966666666666667,0.10077477638553983,513,0.7166666666666667,0.5333333333333333,0.43333333333333335,0.65,0.65,0.06259012222290039,0.0014446258544921875
,0.16681,0.5,10,0.6166666666666666,0.17480147469502524,491,0.8166666666666667,0.45,0.55,0.8333333333333333,0.43333333333333335,0.0627413272857666,0.001453399658203125
,0.16681,0.5,20,0.77,0.06616477747093066,78,0.8166666666666667,0.8,0.75,0.8333333333333333,0.65,0.06281089782714844,0.0014368057250976562
,0.16681,0.5,50,0.8233333333333335,0.07498147919467996,1,0.8166666666666667,0.9,0.7333333333333334,0.9166666666666667,0.75,0.06295757293701172,0.0014503002166748047
,0.16681,0.7,5,0.6366666666666666,0.10718623460542352,463,0.7166666666666667,0.65,0.43333333333333335,0.7333333333333334,0.65,0.07141666412353516,0.001464986801147461
,0.16681,0.7,10,0.6599999999999999,0.12454361128179602,404,0.8166666666666667,0.45,0.6333333333333333,0.75,0.65,0.07163486480712891,0.00146026611328125
,0.16681,0.7,20,0.7633333333333333,0.07333333333333332,108,0.8166666666666667,0.8,0.6333333333333333,0.8333333333333333,0.7333333333333334,0.07118740081787109,0.0014706134796142578
,0.16681,0.7,50,0.77,0.03231786571610885,78,0.8166666666666667,0.8,0.7333333333333334,0.75,0.75,0.07110991477966308,0.0014722347259521484
,0.16681,0.9,5,0.6233333333333333,0.10143416036468626,481,0.7166666666666667,0.4666666666666667,0.55,0.7333333333333334,0.65,0.07239151000976562,0.0014630794525146485
,0.16681,0.9,10,0.7,0.09545214042184232,209,0.7166666666666667,0.55,0.75,0.8333333333333333,0.65,0.07242827415466309,0.0014760971069335937
,0.16681,0.9,20,0.7299999999999999,0.10077477638553979,148,0.7166666666666667,0.8166666666666667,0.7333333333333334,0.8333333333333333,0.55,0.07401919364929199,0.0015034198760986329
,0.16681,0.9,50,0.7699999999999999,0.046427960923947034,83,0.8166666666666667,0.7166666666666667,0.7333333333333334,0.8333333333333333,0.75,0.07420225143432617,0.0014961719512939452
,0.599484,0.1,5,0.6166666666666667,0.06236095644623237,487,0.6,0.55,0.5833333333333334,0.7333333333333334,0.6166666666666667,0.12131381034851074,0.0015252113342285156
,0.599484,0.1,10,0.6900000000000001,0.14929463784372457,251,0.6166666666666667,0.8166666666666667,0.75,0.8333333333333333,0.43333333333333335,0.12144646644592286,0.0015342235565185547
,0.599484,0.1,20,0.6933333333333334,0.13358309939675916,221,0.8166666666666667,0.5333333333333333,0.8333333333333333,0.75,0.5333333333333333,0.1232837200164795,0.0015248298645019532
,0.599484,0.1,50,0.8033333333333331,0.04396968652757637,38,0.7166666666666667,0.8166666666666667,0.8166666666666667,0.8333333333333333,0.8333333333333333,0.1235499382019043,0.0015341281890869141
,0.599484,0.3,5,0.6533333333333333,0.11224972160321822,418,0.6,0.55,0.8333333333333333,0.7333333333333334,0.55,0.14008145332336425,0.001537179946899414
,0.599484,0.3,10,0.6699999999999999,0.12489995996796796,363,0.8,0.6333333333333333,0.55,0.8333333333333333,0.5333333333333333,0.140571928024292,0.0015476703643798827
,0.599484,0.3,20,0.6966666666666667,0.09797958971132709,213,0.8166666666666667,0.6166666666666667,0.75,0.75,0.55,0.14024596214294432,0.0015519618988037109
,0.599484,0.3,50,0.8033333333333331,0.04396968652757637,38,0.7166666666666667,0.8166666666666667,0.8166666666666667,0.8333333333333333,0.8333333333333333,0.14040489196777345,0.0015471458435058593
,0.599484,0.5,5,0.6633333333333334,0.13432961119739922,398,0.6,0.7333333333333334,0.7333333333333334,0.8166666666666667,0.43333333333333335,0.16277608871459961,0.0015535354614257812
,0.599484,0.5,10,0.7066666666666667,0.1515109090315135,199,0.8,0.5333333333333333,0.75,0.9166666666666667,0.5333333333333333,0.16421928405761718,0.0015484809875488282
,0.599484,0.5,20,0.7466666666666667,0.10402991022884821,128,0.8166666666666667,0.8,0.8333333333333333,0.7333333333333334,0.55,0.16248655319213867,0.0015503406524658204
,0.599484,0.5,50,0.7633333333333332,0.0694422221866655,113,0.7166666666666667,0.8,0.8166666666666667,0.8333333333333333,0.65,0.1627328872680664,0.0015553951263427735
,0.599484,0.7,5,0.65,0.09006170724070862,434,0.6,0.65,0.55,0.8166666666666667,0.6333333333333333,0.17971186637878417,0.00154876708984375
,0.599484,0.7,10,0.6933333333333334,0.15260697523012798,221,0.7166666666666667,0.45,0.75,0.9166666666666667,0.6333333333333333,0.17998337745666504,0.0015520095825195313
,0.599484,0.7,20,0.7066666666666667,0.08730533902472529,199,0.8166666666666667,0.7,0.7333333333333334,0.7333333333333334,0.55,0.17970433235168456,0.0015628337860107422
,0.599484,0.7,50,0.7866666666666667,0.06944222218666551,43,0.7166666666666667,0.9,0.7333333333333334,0.8333333333333333,0.75,0.17980780601501464,0.001550149917602539
,0.599484,0.9,5,0.63,0.11709445380166864,477,0.6,0.65,0.45,0.8166666666666667,0.6333333333333333,0.19772472381591796,0.0015587329864501954
,0.599484,0.9,10,0.6533333333333334,0.18024674446127703,416,0.7166666666666667,0.45,0.7333333333333334,0.9166666666666667,0.45,0.1975100040435791,0.0016189098358154296
,0.599484,0.9,20,0.7266666666666667,0.05830951894845301,156,0.8166666666666667,0.7166666666666667,0.7333333333333334,0.7333333333333334,0.6333333333333333,0.1992469310760498,0.00155181884765625
,0.599484,0.9,50,0.7866666666666667,0.03858612300930072,43,0.8166666666666667,0.8,0.7333333333333334,0.8333333333333333,0.75,0.19887905120849608,0.001577615737915039
,2.15443,0.1,5,0.5633333333333334,0.1185092588975412,603,0.6,0.5333333333333333,0.5833333333333334,0.7333333333333334,0.3666666666666667,0.23691148757934571,0.0015608310699462891
,2.15443,0.1,10,0.6733333333333335,0.16076207402383325,321,0.5333333333333333,0.8166666666666667,0.75,0.8333333333333333,0.43333333333333335,0.23448686599731444,0.001552915573120117
,2.15443,0.1,20,0.6933333333333334,0.13358309939675916,221,0.8166666666666667,0.5333333333333333,0.8333333333333333,0.75,0.5333333333333333,0.23765573501586915,0.0015512943267822266
,2.15443,0.1,50,0.8066666666666666,0.02905932629027114,11,0.8166666666666667,0.8166666666666667,0.8166666666666667,0.75,0.8333333333333333,0.23572521209716796,0.0015514373779296875
,2.15443,0.3,5,0.5633333333333334,0.09626352718795769,603,0.5,0.55,0.5833333333333334,0.7333333333333334,0.45,0.30559372901916504,0.0015574455261230468
,2.15443,0.3,10,0.71,0.11907047399661165,186,0.6166666666666667,0.7333333333333334,0.8333333333333333,0.8333333333333333,0.5333333333333333,0.30651354789733887,0.0015634059906005859
,2.15443,0.3,20,0.6766666666666666,0.08339997335464537,314,0.7166666666666667,0.5333333333333333,0.75,0.75,0.6333333333333333,0.3028968334197998,0.0015818119049072266
,2.15443,0.3,50,0.7833333333333332,0.048304589153964766,65,0.7166666666666667,0.8166666666666667,0.8166666666666667,0.8333333333333333,0.7333333333333334,0.3066071033477783,0.001586151123046875
,2.15443,0.5,5,0.6700000000000002,0.132664991614216,352,0.6,0.7333333333333334,0.8333333333333333,0.7333333333333334,0.45,0.33493456840515134,0.0016355037689208985
,2.15443,0.5,10,0.6333333333333334,0.12692955176439846,465,0.5166666666666667,0.55,0.7333333333333334,0.8333333333333333,0.5333333333333333,0.33551645278930664,0.0015639305114746095
,2.15443,0.5,20,0.7133333333333333,0.11175369742826803,179,0.8166666666666667,0.6166666666666667,0.8333333333333333,0.75,0.55,0.3346088886260986,0.0015669822692871093
,2.15443,0.5,50,0.7666666666666666,0.04216370213557837,101,0.7166666666666667,0.8166666666666667,0.8166666666666667,0.7333333333333334,0.75,0.33315448760986327,0.0015820980072021485
,2.15443,0.7,5,0.6466666666666667,0.04642796092394709,446,0.6,0.65,0.6333333333333333,0.7333333333333334,0.6166666666666667,0.38204116821289064,0.0015610218048095702
,2.15443,0.7,10,0.65,0.16295875415440425,434,0.6166666666666667,0.45,0.7333333333333334,0.9166666666666667,0.5333333333333333,0.38176751136779785,0.001561880111694336
,2.15443,0.7,20,0.6933333333333334,0.1284955684493092,221,0.8166666666666667,0.5333333333333333,0.8333333333333333,0.7333333333333334,0.55,0.38176703453063965,0.001627349853515625
,2.15443,0.7,50,0.7633333333333333,0.04521553322083509,108,0.7166666666666667,0.8,0.7333333333333334,0.8333333333333333,0.7333333333333334,0.3817176818847656,0.0015689373016357423
,2.15443,0.9,5,0.6633333333333333,0.0784573486395988,399,0.6,0.65,0.6333333333333333,0.8166666666666667,0.6166666666666667,0.4311420440673828,0.0015542984008789062
,2.15443,0.9,10,0.6900000000000001,0.17594190960528863,251,0.7166666666666667,0.5333333333333333,0.8333333333333333,0.9166666666666667,0.45,0.43073716163635256,0.0015720844268798829
,2.15443,0.9,20,0.7266666666666667,0.08981462390204985,156,0.8166666666666667,0.6166666666666667,0.8333333333333333,0.7333333333333334,0.6333333333333333,0.43262901306152346,0.0016792774200439452
,2.15443,0.9,50,0.7866666666666666,0.08653836657164779,51,0.8166666666666667,0.9,0.7333333333333334,0.8333333333333333,0.65,0.43159308433532717,0.001573944091796875
,7.74264,0.1,5,0.5733333333333335,0.13190905958272922,578,0.45,0.7333333333333334,0.5,0.7333333333333334,0.45,0.2985058784484863,0.0015741825103759766
,7.74264,0.1,10,0.6866666666666668,0.12970050972229147,263,0.8,0.7166666666666667,0.75,0.7333333333333334,0.43333333333333335,0.2976731777191162,0.0015711307525634766
,7.74264,0.1,20,0.6733333333333333,0.13106402167558331,339,0.8166666666666667,0.5333333333333333,0.8333333333333333,0.65,0.5333333333333333,0.29802570343017576,0.0015635013580322266
,7.74264,0.1,50,0.8233333333333333,0.04784233364802441,10,0.8166666666666667,0.9,0.8166666666666667,0.75,0.8333333333333333,0.2988912582397461,0.0015779972076416016
,7.74264,0.3,5,0.5466666666666666,0.12710450643291746,646,0.6,0.45,0.5833333333333334,0.7333333333333334,0.3666666666666667,0.4877165794372559,0.0015668869018554688
,7.74264,0.3,10,0.6566666666666666,0.1470449666674185,407,0.5333333333333333,0.8166666666666667,0.75,0.75,0.43333333333333335,0.4815258502960205,0.001586151123046875
,7.74264,0.3,20,0.6933333333333334,0.13358309939675916,221,0.8166666666666667,0.5333333333333333,0.8333333333333333,0.75,0.5333333333333333,0.48077192306518557,0.0015719413757324218
,7.74264,0.3,50,0.7666666666666666,0.07149203529842403,101,0.7166666666666667,0.8166666666666667,0.8166666666666667,0.65,0.8333333333333333,0.48192877769470216,0.0015604019165039063
,7.74264,0.5,5,0.5833333333333334,0.09128709291752769,535,0.6,0.55,0.5833333333333334,0.7333333333333334,0.45,0.5650024890899659,0.001550579071044922
,7.74264,0.5,10,0.7266666666666668,0.1392838827718412,150,0.6166666666666667,0.7333333333333334,0.8333333333333333,0.9166666666666667,0.5333333333333333,0.5658998012542724,0.0015675544738769532
,7.74264,0.5,20,0.7133333333333334,0.11421227799341208,173,0.8166666666666667,0.5333333333333333,0.8333333333333333,0.75,0.6333333333333333,0.565440320968628,0.001568603515625
,7.74264,0.5,50,0.7833333333333332,0.048304589153964766,65,0.7166666666666667,0.8166666666666667,0.8166666666666667,0.8333333333333333,0.7333333333333334,0.5657436847686768,0.001565694808959961
,7.74264,0.7,5,0.65,0.1676636845327906,434,0.5,0.65,0.9166666666666667,0.7333333333333334,0.45,0.6084814071655273,0.001554727554321289
,7.74264,0.7,10,0.71,0.14243907079481,186,0.6166666666666667,0.65,0.8333333333333333,0.9166666666666667,0.5333333333333333,0.6111943244934082,0.0015600204467773437
,7.74264,0.7,20,0.73,0.12400716825158847,144,0.8166666666666667,0.5333333333333333,0.8333333333333333,0.8333333333333333,0.6333333333333333,0.6053765296936036,0.0015539169311523438
,7.74264,0.7,50,0.7833333333333332,0.04830458915396476,65,0.7166666666666667,0.8166666666666667,0.8166666666666667,0.7333333333333334,0.8333333333333333,0.6031615734100342,0.001564359664916992
,7.74264,0.9,5,0.6866666666666668,0.15542057635833023,263,0.6,0.7333333333333334,0.9166666666666667,0.7333333333333334,0.45,0.6480305194854736,0.0015714645385742187
,7.74264,0.9,10,0.67,0.14659088951530685,356,0.5166666666666667,0.65,0.7333333333333334,0.9166666666666667,0.5333333333333333,0.6455205917358399,0.0015801429748535157
,7.74264,0.9,20,0.7266666666666667,0.09345230512584121,156,0.7166666666666667,0.6166666666666667,0.8333333333333333,0.8333333333333333,0.6333333333333333,0.648944616317749,0.0015678882598876953
,7.74264,0.9,50,0.7266666666666668,0.06879922480183429,150,0.7166666666666667,0.6166666666666667,0.7333333333333334,0.8333333333333333,0.7333333333333334,0.6446613788604736,0.0015897750854492188
,27.8256,0.1,5,0.56,0.14628738838327796,612,0.45,0.7333333333333334,0.5,0.7333333333333334,0.3833333333333333,0.2976501941680908,0.0015727519989013673
,27.8256,0.1,10,0.5800000000000001,0.1610382977224155,539,0.6333333333333333,0.35,0.75,0.7333333333333334,0.43333333333333335,0.30000877380371094,0.0015849590301513672
,27.8256,0.1,20,0.6533333333333332,0.0985449699939632,428,0.6333333333333333,0.6166666666666667,0.8333333333333333,0.65,0.5333333333333333,0.29834928512573244,0.001659727096557617
,27.8256,0.1,50,0.8033333333333335,0.10077477638553985,20,0.8166666666666667,0.9,0.9166666666666667,0.65,0.7333333333333334,0.29751033782958985,0.0015684127807617187
,27.8256,0.3,5,0.5566666666666668,0.15040685563571307,634,0.45,0.7333333333333334,0.5,0.7333333333333334,0.3666666666666667,0.41765775680541994,0.0015792369842529297
,27.8256,0.3,10,0.6866666666666668,0.12970050972229147,263,0.8,0.7166666666666667,0.75,0.7333333333333334,0.43333333333333335,0.4219982147216797,0.0015755176544189453
,27.8256,0.3,20,0.6933333333333332,0.11479450238481707,243,0.8166666666666667,0.6333333333333333,0.8333333333333333,0.65,0.5333333333333333,0.4172945499420166,0.0015859603881835938
,27.8256,0.3,50,0.8033333333333333,0.059066817155564486,32,0.8166666666666667,0.9,0.8166666666666667,0.75,0.7333333333333334,0.4173747062683105,0.0015773773193359375
,27.8256,0.5,5,0.5,0.12427567921538167,750,0.45,0.45,0.5,0.7333333333333334,0.3666666666666667,0.5871203422546387,0.0015686511993408202
,27.8256,0.5,10,0.6566666666666666,0.14243907079481,407,0.8,0.8166666666666667,0.5833333333333334,0.65,0.43333333333333335,0.5833654880523682,0.0015951633453369141
,27.8256,0.5,20,0.6733333333333335,0.16076207402383325,321,0.8166666666666667,0.5333333333333333,0.8333333333333333,0.75,0.43333333333333335,0.5819590091705322,0.0015662193298339843
,27.8256,0.5,50,0.8066666666666666,0.02905932629027114,11,0.8166666666666667,0.8166666666666667,0.8166666666666667,0.75,0.8333333333333333,0.5804708003997803,0.0015783309936523438
,27.8256,0.7,5,0.5466666666666666,0.12710450643291746,646,0.6,0.45,0.5833333333333334,0.7333333333333334,0.3666666666666667,0.6995139122009277,0.0015577316284179688
,27.8256,0.7,10,0.6566666666666666,0.1470449666674185,407,0.5333333333333333,0.8166666666666667,0.75,0.75,0.43333333333333335,0.7046737670898438,0.001578044891357422
,27.8256,0.7,20,0.6933333333333334,0.13358309939675916,221,0.8166666666666667,0.5333333333333333,0.8333333333333333,0.75,0.5333333333333333,0.7027827262878418,0.001565694808959961
,27.8256,0.7,50,0.7866666666666666,0.08969082698049141,51,0.8166666666666667,0.8166666666666667,0.9166666666666667,0.65,0.7333333333333334,0.703958797454834,0.0015644550323486329
,27.8256,0.9,5,0.5466666666666666,0.12710450643291746,646,0.6,0.45,0.5833333333333334,0.7333333333333334,0.3666666666666667,0.7907712459564209,0.0015672206878662109
,27.8256,0.9,10,0.6933333333333334,0.13358309939675916,221,0.5333333333333333,0.8166666666666667,0.8333333333333333,0.75,0.5333333333333333,0.7907001972198486,0.0015741825103759766
,27.8256,0.9,20,0.7133333333333334,0.049888765156985884,173,0.7166666666666667,0.6166666666666667,0.75,0.75,0.7333333333333334,0.7910799503326416,0.0015830039978027345
,27.8256,0.9,50,0.7833333333333332,0.048304589153964766,65,0.7166666666666667,0.8166666666666667,0.8166666666666667,0.8333333333333333,0.7333333333333334,0.7943300724029541,0.0015788555145263671
,100.0,0.1,5,0.56,0.14628738838327796,612,0.45,0.7333333333333334,0.5,0.7333333333333334,0.3833333333333333,0.36830525398254393,0.0015868186950683595
,100.0,0.1,10,0.5800000000000001,0.1610382977224155,539,0.6333333333333333,0.35,0.75,0.7333333333333334,0.43333333333333335,0.3681861400604248,0.0015619754791259765
,100.0,0.1,20,0.71,0.09463379711052257,186,0.8166666666666667,0.6166666666666667,0.8333333333333333,0.65,0.6333333333333333,0.3670785427093506,0.001562213897705078
,100.0,0.1,50,0.8033333333333335,0.10077477638553985,20,0.8166666666666667,0.9,0.9166666666666667,0.65,0.7333333333333334,0.36635594367980956,0.001573657989501953
,100.0,0.3,5,0.56,0.14628738838327796,612,0.45,0.7333333333333334,0.5,0.7333333333333334,0.3833333333333333,0.36263260841369627,0.0016798019409179688
,100.0,0.3,10,0.5800000000000001,0.1610382977224155,539,0.6333333333333333,0.35,0.75,0.7333333333333334,0.43333333333333335,0.36274189949035646,0.0015616416931152344
,100.0,0.3,20,0.6533333333333332,0.0985449699939632,428,0.6333333333333333,0.6166666666666667,0.8333333333333333,0.65,0.5333333333333333,0.3627131462097168,0.0015673160552978516
,100.0,0.3,50,0.8033333333333335,0.10077477638553985,20,0.8166666666666667,0.9,0.9166666666666667,0.65,0.7333333333333334,0.36188540458679197,0.0015748023986816406
,100.0,0.5,5,0.56,0.14628738838327796,612,0.45,0.7333333333333334,0.5,0.7333333333333334,0.3833333333333333,0.3820965766906738,0.001563882827758789
,100.0,0.5,10,0.6166666666666666,0.12018504251546631,491,0.6333333333333333,0.5333333333333333,0.75,0.7333333333333334,0.43333333333333335,0.380615234375,0.0015619754791259765
,100.0,0.5,20,0.6533333333333332,0.0985449699939632,428,0.6333333333333333,0.6166666666666667,0.8333333333333333,0.65,0.5333333333333333,0.3820746898651123,0.0015646934509277344
,100.0,0.5,50,0.8033333333333335,0.10077477638553985,20,0.8166666666666667,0.9,0.9166666666666667,0.65,0.7333333333333334,0.3855307102203369,0.001566171646118164
,100.0,0.7,5,0.56,0.14628738838327796,612,0.45,0.7333333333333334,0.5,0.7333333333333334,0.3833333333333333,0.42139558792114257,0.0015655994415283204
,100.0,0.7,10,0.6533333333333333,0.11709445380166865,418,0.6333333333333333,0.7166666666666667,0.75,0.7333333333333334,0.43333333333333335,0.42120585441589353,0.0016271591186523438
,100.0,0.7,20,0.69,0.1167142760000773,256,0.8166666666666667,0.6166666666666667,0.8333333333333333,0.65,0.5333333333333333,0.4187802791595459,0.0015588760375976562
,100.0,0.7,50,0.8233333333333335,0.07498147919467996,1,0.8166666666666667,0.9,0.9166666666666667,0.75,0.7333333333333334,0.4158759593963623,0.001564931869506836
,100.0,0.9,5,0.56,0.14628738838327796,612,0.45,0.7333333333333334,0.5,0.7333333333333334,0.3833333333333333,0.4685023307800293,0.0015789985656738282
,100.0,0.9,10,0.6866666666666668,0.12970050972229147,263,0.8,0.7166666666666667,0.75,0.7333333333333334,0.43333333333333335,0.4681541442871094,0.0015798568725585937
,100.0,0.9,20,0.69,0.1167142760000773,256,0.8166666666666667,0.6166666666666667,0.8333333333333333,0.65,0.5333333333333333,0.46875629425048826,0.0015690326690673828
,100.0,0.9,50,0.8033333333333333,0.059066817155564486,32,0.8166666666666667,0.9,0.8166666666666667,0.75,0.7333333333333334,0.4681393146514893,0.0015676021575927734
0.1,0.001,0.1,5,0.5366666666666667,0.07702813338860895,673,0.5166666666666667,0.6166666666666667,0.48333333333333334,0.6333333333333333,0.43333333333333335,0.0033197402954101562,0.0014046192169189452
0.1,0.001,0.1,10,0.5599999999999999,0.09285592184789412,618,0.5166666666666667,0.7166666666666667,0.5833333333333334,0.43333333333333335,0.55,0.0032415390014648438,0.0013987064361572266
0.1,0.001,0.1,20,0.5466666666666666,0.08653836657164779,646,0.43333333333333335,0.6333333333333333,0.55,0.65,0.4666666666666667,0.003233528137207031,0.0013909339904785156
0.1,0.001,0.1,50,0.6866666666666668,0.05811865258054231,263,0.6166666666666667,0.7166666666666667,0.6166666666666667,0.7333333333333334,0.75,0.003250265121459961,0.0014054298400878907
0.1,0.001,0.3,5,0.5366666666666667,0.07702813338860895,673,0.5166666666666667,0.6166666666666667,0.48333333333333334,0.6333333333333333,0.43333333333333335,0.00328216552734375,0.0013918876647949219
0.1,0.001,0.3,10,0.5599999999999999,0.09285592184789412,618,0.5166666666666667,0.7166666666666667,0.5833333333333334,0.43333333333333335,0.55,0.003264331817626953,0.0013919353485107421
0.1,0.001,0.3,20,0.5466666666666666,0.08653836657164779,646,0.43333333333333335,0.6333333333333333,0.55,0.65,0.4666666666666667,0.003226947784423828,0.0013878345489501953
0.1,0.001,0.3,50,0.6866666666666668,0.05811865258054231,263,0.6166666666666667,0.7166666666666667,0.6166666666666667,0.7333333333333334,0.75,0.003270387649536133,0.001395273208618164
0.1,0.001,0.5,5,0.5366666666666667,0.07702813338860895,673,0.5166666666666667,0.6166666666666667,0.48333333333333334,0.6333333333333333,0.43333333333333335,0.0032915592193603514,0.0013923168182373047
0.1,0.001,0.5,10,0.5599999999999999,0.09285592184789412,618,0.5166666666666667,0.7166666666666667,0.5833333333333334,0.43333333333333335,0.55,0.0032573699951171874,0.001390361785888672
0.1,0.001,0.5,20,0.5466666666666666,0.08653836657164779,646,0.43333333333333335,0.6333333333333333,0.55,0.65,0.4666666666666667,0.0032221317291259766,0.0013963699340820313
0.1,0.001,0.5,50,0.6866666666666668,0.05811865258054231,263,0.6166666666666667,0.7166666666666667,0.6166666666666667,0.7333333333333334,0.75,0.0032637596130371095,0.001407957077026367
0.1,0.001,0.7,5,0.5366666666666667,0.07702813338860895,673,0.5166666666666667,0.6166666666666667,0.48333333333333334,0.6333333333333333,0.43333333333333335,0.003285980224609375,0.0013981342315673828
0.1,0.001,0.7,10,0.5599999999999999,0.09285592184789412,618,0.5166666666666667,0.7166666666666667,0.5833333333333334,0.43333333333333335,0.55,0.003261280059814453,0.001381063461303711
0.1,0.001,0.7,20,0.5466666666666666,0.08653836657164779,646,0.43333333333333335,0.6333333333333333,0.55,0.65,0.4666666666666667,0.0032111167907714843,0.0013893604278564452
0.1,0.001,0.7,50,0.6866666666666668,0.05811865258054231,263,0.6166666666666667,0.7166666666666667,0.6166666666666667,0.7333333333333334,0.75,0.003240966796875,0.001388883590698242
0.1,0.001,0.9,5,0.5366666666666667,0.07702813338860895,673,0.5166666666666667,0.6166666666666667,0.48333333333333334,0.6333333333333333,0.43333333333333335,0.0032901763916015625,0.0013917446136474609
0.1,0.001,0.9,10,0.5599999999999999,0.09285592184789412,618,0.5166666666666667,0.7166666666666667,0.5833333333333334,0.43333333333333335,0.55,0.003253793716430664,0.0013845443725585937
0.1,0.001,0.9,20,0.5466666666666666,0.08653836657164779,646,0.43333333333333335,0.6333333333333333,0.55,0.65,0.4666666666666667,0.0032319068908691407,0.001394510269165039
0.1,0.001,0.9,50,0.6866666666666668,0.05811865258054231,263,0.6166666666666667,0.7166666666666667,0.6166666666666667,0.7333333333333334,0.75,0.003254604339599609,0.0014046669006347657
0.1,0.00359381,0.1,5,0.5366666666666667,0.07702813338860895,673,0.5166666666666667,0.6166666666666667,0.48333333333333334,0.6333333333333333,0.43333333333333335,0.004093694686889649,0.0013934612274169923
0.1,0.00359381,0.1,10,0.5599999999999999,0.09285592184789412,618,0.5166666666666667,0.7166666666666667,0.5833333333333334,0.43333333333333335,0.55,0.004081106185913086,0.001377439498901367
0.1,0.00359381,0.1,20,0.5466666666666666,0.08653836657164779,646,0.43333333333333335,0.6333333333333333,0.55,0.65,0.4666666666666667,0.004028940200805664,0.0013874530792236327
0.1,0.00359381,0.1,50,0.6866666666666668,0.05811865258054231,263,0.6166666666666667,0.7166666666666667,0.6166666666666667,0.7333333333333334,0.75,0.004092073440551758,0.0013922691345214845
0.1,0.00359381,0.3,5,0.5366666666666667,0.07702813338860895,673,0.5166666666666667,0.6166666666666667,0.48333333333333334,0.6333333333333333,0.43333333333333335,0.0032019615173339844,0.0013825416564941407
0.1,0.00359381,0.3,10,0.5599999999999999,0.09285592184789412,618,0.5166666666666667,0.7166666666666667,0.5833333333333334,0.43333333333333335,0.55,0.0032572269439697264,0.0013883113861083984
0.1,0.00359381,0.3,20,0.5466666666666666,0.08653836657164779,646,0.43333333333333335,0.6333333333333333,0.55,0.65,0.4666666666666667,0.0032352447509765626,0.0014022350311279296
0.1,0.00359381,0.3,50,0.6866666666666668,0.05811865258054231,263,0.6166666666666667,0.7166666666666667,0.6166666666666667,0.7333333333333334,0.75,0.003294229507446289,0.0013890743255615234
0.1,0.00359381,0.5,5,0.5366666666666667,0.07702813338860895,673,0.5166666666666667,0.6166666666666667,0.48333333333333334,0.6333333333333333,0.43333333333333335,0.003214597702026367,0.0013700008392333984
0.1,0.00359381,0.5,10,0.5599999999999999,0.09285592184789412,618,0.5166666666666667,0.7166666666666667,0.5833333333333334,0.43333333333333335,0.55,0.003236865997314453,0.0013876914978027343
0.1,0.00359381,0.5,20,0.5466666666666666,0.08653836657164779,646,0.43333333333333335,0.6333333333333333,0.55,0.65,0.4666666666666667,0.0032342910766601563,0.0013860225677490234
0.1,0.00359381,0.5,50,0.6866666666666668,0.05811865258054231,263,0.6166666666666667,0.7166666666666667,0.6166666666666667,0.7333333333333334,0.75,0.003249073028564453,0.0014541149139404297
0.1,0.00359381,0.7,5,0.5366666666666667,0.07702813338860895,673,0.5166666666666667,0.6166666666666667,0.48333333333333334,0.6333333333333333,0.43333333333333335,0.003241729736328125,0.0013792037963867188
0.1,0.00359381,0.7,10,0.5599999999999999,0.09285592184789412,618,0.5166666666666667,0.7166666666666667,0.5833333333333334,0.43333333333333335,0.55,0.003265714645385742,0.001397848129272461
0.1,0.00359381,0.7,20,0.5466666666666666,0.08653836657164779,646,0.43333333333333335,0.6333333333333333,0.55,0.65,0.4666666666666667,0.0032183170318603516,0.001395416259765625
0.1,0.00359381,0.7,50,0.6866666666666668,0.05811865258054231,263,0.6166666666666667,0.7166666666666667,0.6166666666666667,0.7333333333333334,0.75,0.0033111095428466795,0.0013776779174804687
0.1,0.00359381,0.9,5,0.5366666666666667,0.07702813338860895,673,0.5166666666666667,0.6166666666666667,0.48333333333333334,0.6333333333333333,0.43333333333333335,0.0032135963439941405,0.001387166976928711
0.1,0.00359381,0.9,10,0.5599999999999999,0.09285592184789412,618,0.5166666666666667,0.7166666666666667,0.5833333333333334,0.43333333333333335,0.55,0.0032712936401367186,0.0013803958892822266
0.1,0.00359381,0.9,20,0.5466666666666666,0.08653836657164779,646,0.43333333333333335,0.6333333333333333,0.55,0.65,0.4666666666666667,0.003226613998413086,0.001385641098022461
0.1,0.00359381,0.9,50,0.6866666666666668,0.05811865258054231,263,0.6166666666666667,0.7166666666666667,0.6166666666666667,0.7333333333333334,0.75,0.0033638477325439453,0.0014275074005126952
0.1,0.0129155,0.1,5,0.5633333333333334,0.16377491328717664,603,0.65,0.26666666666666666,0.5166666666666667,0.7333333333333334,0.65,0.011946821212768554,0.0014297962188720703
0.1,0.0129155,0.1,10,0.6166666666666666,0.13703203194062977,491,0.8166666666666667,0.45,0.5166666666666667,0.5666666666666667,0.7333333333333334,0.011813163757324219,0.0013985633850097656
0.1,0.0129155,0.1,20,0.6933333333333334,0.12409673645990855,221,0.8166666666666667,0.5333333333333333,0.7166666666666667,0.5666666666666667,0.8333333333333333,0.011688041687011718,0.001401519775390625
0.1,0.0129155,0.1,50,0.7699999999999999,0.07408703590297623,83,0.8166666666666667,0.6333333333333333,0.8166666666666667,0.8333333333333333,0.75,0.011687469482421876,0.0013964176177978516
0.1,0.0129155,0.3,5,0.5366666666666667,0.07702813338860895,673,0.5166666666666667,0.6166666666666667,0.48333333333333334,0.6333333333333333,0.43333333333333335,0.004175615310668945,0.0013904094696044922
0.1,0.0129155,0.3,10,0.5599999999999999,0.09285592184789412,618,0.5166666666666667,0.7166666666666667,0.5833333333333334,0.43333333333333335,0.55,0.004159259796142578,0.0013828754425048828
0.1,0.0129155,0.3,20,0.5466666666666666,0.08653836657164779,646,0.43333333333333335,0.6333333333333333,0.55,0.65,0.4666666666666667,0.004142236709594726,0.001394033432006836
0.1,0.0129155,0.3,50,0.6866666666666668,0.05811865258054231,263,0.6166666666666667,0.7166666666666667,0.6166666666666667,0.7333333333333334,0.75,0.004190921783447266,0.0013930320739746094
0.1,0.0129155,0.5,5,0.5366666666666667,0.07702813338860895,673,0.5166666666666667,0.6166666666666667,0.48333333333333334,0.6333333333333333,0.43333333333333335,0.0036784648895263673,0.0013886451721191405
0.1,0.0129155,0.5,10,0.5599999999999999,0.09285592184789412,618,0.5166666666666667,0.7166666666666667,0.5833333333333334,0.43333333333333335,0.55,0.0037154674530029295,0.0013854026794433594
0.1,0.0129155,0.5,20,0.5466666666666666,0.08653836657164779,646,0.43333333333333335,0.6333333333333333,0.55,0.65,0.4666666666666667,0.003680515289306641,0.0014049530029296875
0.1,0.0129155,0.5,50,0.6866666666666668,0.05811865258054231,263,0.6166666666666667,0.7166666666666667,0.6166666666666667,0.7333333333333334,0.75,0.003762340545654297,0.0013984203338623046
0.1,0.0129155,0.7,5,0.5366666666666667,0.07702813338860895,673,0.5166666666666667,0.6166666666666667,0.48333333333333334,0.6333333333333333,0.43333333333333335,0.003740882873535156,0.0014158725738525391
0.1,0.0129155,0.7,10,0.5599999999999999,0.09285592184789412,618,0.5166666666666667,0.7166666666666667,0.5833333333333334,0.43333333333333335,0.55,0.00377349853515625,0.001420879364013672
0.1,0.0129155,0.7,20,0.5466666666666666,0.08653836657164779,646,0.43333333333333335,0.6333333333333333,0.55,0.65,0.4666666666666667,0.00375981330871582,0.0015027523040771484
0.1,0.0129155,0.7,50,0.6866666666666668,0.05811865258054231,263,0.6166666666666667,0.7166666666666667,0.6166666666666667,0.7333333333333334,0.75,0.003784799575805664,0.0014408588409423827
0.1,0.0129155,0.9,5,0.5366666666666667,0.07702813338860895,673,0.5166666666666667,0.6166666666666667,0.48333333333333334,0.6333333333333333,0.43333333333333335,0.003416585922241211,0.0014292240142822266
0.1,0.0129155,0.9,10,0.5599999999999999,0.09285592184789412,618,0.5166666666666667,0.7166666666666667,0.5833333333333334,0.43333333333333335,0.55,0.0034014225006103516,0.0014288902282714843
0.1,0.0129155,0.9,20,0.5466666666666666,0.08653836657164779,646,0.43333333333333335,0.6333333333333333,0.55,0.65,0.4666666666666667,0.003467082977294922,0.0014235019683837891
0.1,0.0129155,0.9,50,0.6866666666666668,0.05811865258054231,263,0.6166666666666667,0.7166666666666667,0.6166666666666667,0.7333333333333334,0.75,0.0034021854400634764,0.001421642303466797
0.1,0.0464159,0.1,5,0.65,0.13944333775567927,434,0.8,0.45,0.75,0.7333333333333334,0.5166666666666667,0.02222890853881836,0.0014069557189941406
0.1,0.0464159,0.1,10,0.6366666666666667,0.12970050972229147,458,0.7166666666666667,0.5333333333333333,0.75,0.75,0.43333333333333335,0.02212367057800293,0.0013989925384521485
0.1,0.0464159,0.1,20,0.7666666666666666,0.049441323247304395,101,0.7166666666666667,0.7166666666666667,0.8333333333333333,0.75,0.8166666666666667,0.022145748138427734,0.0014147281646728516
0.1,0.0464159,0.1,50,0.8233333333333335,0.07498147919467996,1,0.8166666666666667,0.9,0.7333333333333334,0.9166666666666667,0.75,0.022110557556152342,0.0013972759246826173
0.1,0.0464159,0.3,5,0.5266666666666666,0.1818424226264781,710,0.7166666666666667,0.26666666666666666,0.35,0.65,0.65,0.02227892875671387,0.0013919353485107421
0.1,0.0464159,0.3,10,0.6966666666666667,0.11372481406154653,213,0.8166666666666667,0.5333333333333333,0.8333333333333333,0.6666666666666666,0.6333333333333333,0.022368764877319335,0.0014149665832519532
0.1,0.0464159,0.3,20,0.7833333333333333,0.09189365834726815,59,0.8166666666666667,0.9,0.7333333333333334,0.8333333333333333,0.6333333333333333,0.0223297119140625,0.001402568817138672
0.1,0.0464159,0.3,50,0.7699999999999999,0.046427960923947034,83,0.8166666666666667,0.7166666666666667,0.7333333333333334,0.8333333333333333,0.75,0.022425127029418946,0.001401662826538086
0.1,0.0464159,0.5,5,0.5766666666666668,0.062003584125794244,545,0.55,0.6166666666666667,0.6166666666666667,0.6333333333333333,0.4666666666666667,0.01353282928466797,0.0013907432556152343
0.1,0.0464159,0.5,10,0.5733333333333335,0.1067707825203131,578,0.6333333333333333,0.7166666666666667,0.6166666666666667,0.43333333333333335,0.4666666666666667,0.013630247116088868,0.0014071941375732421
0.1,0.0464159,0.5,20,0.6399999999999999,0.1108552609887726,455,0.6333333333333333,0.6333333333333333,0.8166666666666667,0.65,0.4666666666666667,0.013587617874145507,0.0014178752899169922
0.1,0.0464159,0.5,50,0.75,0.034960294939005036,122,0.7333333333333334,0.7166666666666667,0.8166666666666667,0.7333333333333334,0.75,0.013612794876098632,0.0014256954193115235
0.1,0.0464159,0.7,5,0.5366666666666667,0.07702813338860895,673,0.5166666666666667,0.6166666666666667,0.48333333333333334,0.6333333333333333,0.43333333333333335,0.004233407974243164,0.0014165401458740234
0.1,0.0464159,0.7,10,0.5599999999999999,0.09285592184789412,618,0.5166666666666667,0.7166666666666667,0.5833333333333334,0.43333333333333335,0.55,0.004294872283935547,0.0014138221740722656
0.1,0.0464159,0.7,20,0.5466666666666666,0.08653836657164779,646,0.43333333333333335,0.6333333333333333,0.55,0.65,0.4666666666666667,0.004202461242675782,0.001388216018676758
0.1,0.0464159,0.7,50,0.6866666666666668,0.05811865258054231,263,0.6166666666666667,0.7166666666666667,0.6166666666666667,0.7333333333333334,0.75,0.004044246673583984,0.0013437271118164062
0.1,0.0464159,0.9,5,0.5366666666666667,0.07702813338860895,673,0.5166666666666667,0.6166666666666667,0.48333333333333334,0.6333333333333333,0.43333333333333335,0.00397181510925293,0.0013546466827392579
0.1,0.0464159,0.9,10,0.5599999999999999,0.09285592184789412,618,0.5166666666666667,0.7166666666666667,0.5833333333333334,0.43333333333333335,0.55,0.004140472412109375,0.0014000892639160155
0.1,0.0464159,0.9,20,0.5466666666666666,0.08653836657164779,646,0.43333333333333335,0.6333333333333333,0.55,0.65,0.4666666666666667,0.004192543029785156,0.0013837337493896485
0.1,0.0464159,0.9,50,0.6866666666666668,0.05811865258054231,263,0.6166666666666667,0.7166666666666667,0.6166666666666667,0.7333333333333334,0.75,0.004170036315917969,0.0013803005218505859
0.1,0.16681,0.1,5,0.65,0.09718253158075497,434,0.6,0.55,0.8333333333333333,0.65,0.6166666666666667,0.05165009498596192,0.001421356201171875
0.1,0.16681,0.1,10,0.7266666666666668,0.06960204339273697,150,0.6166666666666667,0.7166666666666667,0.8333333333333333,0.75,0.7166666666666667,0.05180683135986328,0.0014103889465332032
0.1,0.16681,0.1,20,0.7533333333333333,0.07102425250887505,115,0.8166666666666667,0.6333333333333333,0.8333333333333333,0.75,0.7333333333333334,0.05172672271728516,0.0014237403869628907
0.1,0.16681,0.1,50,0.7699999999999999,0.03999999999999999,83,0.7166666666666667,0.8166666666666667,0.8166666666666667,0.75,0.75,0.051740264892578124,0.0014540672302246094
0.1,0.16681,0.3,5,0.67,0.1151810169544733,356,0.8,0.55,0.8166666666666667,0.5666666666666667,0.6166666666666667,0.056220722198486325,0.001433086395263672
0.1,0.16681,0.3,10,0.6333333333333334,0.1831817555204545,465,0.6166666666666667,0.45,0.75,0.9166666666666667,0.43333333333333335,0.056744384765625,0.0014325618743896485
0.1,0.16681,0.3,20,0.7166666666666667,0.036514837167011066,170,0.7166666666666667,0.7166666666666667,0.75,0.75,0.65,0.05622639656066895,0.0014492988586425782
0.1,0.16681,0.3,50,0.7699999999999999,0.046427960923947034,83,0.7166666666666667,0.8166666666666667,0.7333333333333334,0.8333333333333333,0.75,0.05635824203491211,0.0014603614807128906
0.1,0.16681,0.5,5,0.5700000000000001,0.10077477638553983,597,0.7166666666666667,0.5333333333333333,0.43333333333333335,0.65,0.5166666666666667,0.06233062744140625,0.001481485366821289
0.1,0.16681,0.5,10,0.6166666666666666,0.17480147469502524,491,0.8166666666666667,0.45,0.55,0.8333333333333333,0.43333333333333335,0.06214485168457031,0.001485586166381836
0.1,0.16681,0.5,20,0.7533333333333332,0.06699917080747257,120,0.8166666666666667,0.7166666666666667,0.75,0.8333333333333333,0.65,0.06243753433227539,0.0015024662017822266
0.1,0.16681,0.5,50,0.8233333333333335,0.07498147919467996,1,0.8166666666666667,0.9,0.7333333333333334,0.9166666666666667,0.75,0.06255064010620118,0.0015015125274658204
0.1,0.16681,0.7,5,0.61,0.1167142760000773,506,0.7166666666666667,0.65,0.43333333333333335,0.7333333333333334,0.5166666666666667,0.0718644142150879,0.001486492156982422
0.1,0.16681,0.7,10,0.6599999999999999,0.12454361128179602,404,0.8166666666666667,0.45,0.6333333333333333,0.75,0.65,0.07130522727966308,0.001473379135131836
0.1,0.16681,0.7,20,0.7633333333333333,0.07333333333333332,108,0.8166666666666667,0.8,0.6333333333333333,0.8333333333333333,0.7333333333333334,0.07105202674865722,0.0014557361602783204
0.1,0.16681,0.7,50,0.77,0.03231786571610885,78,0.8166666666666667,0.8,0.7333333333333334,0.75,0.75,0.0710756778717041,0.0014626026153564454
0.1,0.16681,0.9,5,0.6233333333333333,0.10143416036468626,481,0.7166666666666667,0.4666666666666667,0.55,0.7333333333333334,0.65,0.072379732131958,0.0014556407928466796
0.1,0.16681,0.9,10,0.7,0.09545214042184232,209,0.7166666666666667,0.55,0.75,0.8333333333333333,0.65,0.07244853973388672,0.0014490127563476563
0.1,0.16681,0.9,20,0.7266666666666666,0.10677078252031309,162,0.7166666666666667,0.8166666666666667,0.7333333333333334,0.8333333333333333,0.5333333333333333,0.07241463661193848,0.0014420032501220703
0.1,0.16681,0.9,50,0.7699999999999999,0.046427960923947034,83,0.8166666666666667,0.7166666666666667,0.7333333333333334,0.8333333333333333,0.75,0.0723721981048584,0.0014629364013671875
0.1,0.599484,0.1,5,0.6166666666666667,0.06236095644623237,487,0.6,0.55,0.5833333333333334,0.7333333333333334,0.6166666666666667,0.12113718986511231,0.0015004634857177734
0.1,0.599484,0.1,10,0.7066666666666667,0.15937377450509224,199,0.6166666666666667,0.8166666666666667,0.8333333333333333,0.8333333333333333,0.43333333333333335,0.12103605270385742,0.0015034675598144531
0.1,0.599484,0.1,20,0.6733333333333335,0.16076207402383325,321,0.8166666666666667,0.5333333333333333,0.8333333333333333,0.75,0.43333333333333335,0.12146391868591308,0.0015481472015380859
0.1,0.599484,0.1,50,0.7866666666666665,0.0452155332208351,57,0.7166666666666667,0.8166666666666667,0.8166666666666667,0.75,0.8333333333333333,0.12103781700134278,0.0015361309051513672
0.1,0.599484,0.3,5,0.6533333333333333,0.11224972160321822,418,0.6,0.55,0.8333333333333333,0.7333333333333334,0.55,0.14004101753234863,0.0015147209167480468
0.1,0.599484,0.3,10,0.6699999999999999,0.12489995996796796,363,0.8,0.6333333333333333,0.55,0.8333333333333333,0.5333333333333333,0.14015717506408693,0.0015332221984863282
0.1,0.599484,0.3,20,0.6966666666666667,0.09797958971132709,213,0.8166666666666667,0.6166666666666667,0.75,0.75,0.55,0.13988804817199707,0.0016046524047851562
0.1,0.599484,0.3,50,0.8033333333333331,0.04396968652757637,38,0.7166666666666667,0.8166666666666667,0.8166666666666667,0.8333333333333333,0.8333333333333333,0.14018511772155762,0.0015567779541015626
0.1,0.599484,0.5,5,0.6666666666666667,0.13824294235551812,374,0.6,0.7333333333333334,0.7333333333333334,0.8333333333333333,0.43333333333333335,0.16257977485656738,0.0015419960021972657
0.1,0.599484,0.5,10,0.6866666666666668,0.1442990721460891,263,0.7,0.5333333333333333,0.75,0.9166666666666667,0.5333333333333333,0.16279230117797852,0.0015478134155273438
0.1,0.599484,0.5,20,0.7266666666666666,0.10143416036468623,162,0.8166666666666667,0.7,0.8333333333333333,0.7333333333333334,0.55,0.16264629364013672,0.001546335220336914
0.1,0.599484,0.5,50,0.7833333333333333,0.08881941729649484,59,0.7166666666666667,0.9,0.8166666666666667,0.8333333333333333,0.65,0.16236391067504882,0.0015363216400146485
0.1,0.599484,0.7,5,0.6533333333333333,0.09626352718795764,418,0.6,0.65,0.55,0.8333333333333333,0.6333333333333333,0.18025856018066405,0.0015393733978271485
0.1,0.599484,0.7,10,0.6933333333333334,0.15260697523012798,221,0.7166666666666667,0.45,0.75,0.9166666666666667,0.6333333333333333,0.17986598014831542,0.0015444278717041016
0.1,0.599484,0.7,20,0.7233333333333334,0.0592546294487706,166,0.8166666666666667,0.7,0.7333333333333334,0.7333333333333334,0.6333333333333333,0.17947921752929688,0.0015542984008789062
0.1,0.599484,0.7,50,0.7866666666666667,0.06944222218666551,43,0.7166666666666667,0.9,0.7333333333333334,0.8333333333333333,0.75,0.18062410354614258,0.0015664100646972656
0.1,0.599484,0.9,5,0.6333333333333333,0.12247448713915889,472,0.6,0.65,0.45,0.8333333333333333,0.6333333333333333,0.19807682037353516,0.001543140411376953
0.1,0.599484,0.9,10,0.67,0.16377491328717664,356,0.7166666666666667,0.45,0.7333333333333334,0.9166666666666667,0.5333333333333333,0.19768595695495605,0.0015489578247070313
0.1,0.599484,0.9,20,0.7266666666666667,0.05830951894845301,156,0.8166666666666667,0.7166666666666667,0.7333333333333334,0.7333333333333334,0.6333333333333333,0.19835810661315917,0.001555013656616211
0.1,0.599484,0.9,50,0.8066666666666666,0.06018490028422594,11,0.8166666666666667,0.9,0.7333333333333334,0.8333333333333333,0.75,0.19866037368774414,0.0015587329864501954
0.1,2.15443,0.1,5,0.5633333333333334,0.1185092588975412,603,0.6,0.5333333333333333,0.5833333333333334,0.7333333333333334,0.3666666666666667,0.2352856159210205,0.0016283988952636719
0.1,2.15443,0.1,10,0.6733333333333335,0.16076207402383325,321,0.5333333333333333,0.8166666666666667,0.75,0.8333333333333333,0.43333333333333335,0.23644938468933105,0.0016636371612548829
0.1,2.15443,0.1,20,0.6933333333333334,0.13358309939675916,221,0.8166666666666667,0.5333333333333333,0.8333333333333333,0.75,0.5333333333333333,0.23512492179870606,0.0015697002410888672
0.1,2.15443,0.1,50,0.8066666666666666,0.02905932629027114,11,0.8166666666666667,0.8166666666666667,0.8166666666666667,0.75,0.8333333333333333,0.23495349884033204,0.0015547752380371093
0.1,2.15443,0.3,5,0.6133333333333334,0.1458309523615157,502,0.5,0.55,0.8333333333333333,0.7333333333333334,0.45,0.3052870750427246,0.0015632152557373048
0.1,2.15443,0.3,10,0.71,0.11907047399661165,186,0.6166666666666667,0.7333333333333334,0.8333333333333333,0.8333333333333333,0.5333333333333333,0.3041824817657471,0.001566171646118164
0.1,2.15443,0.3,20,0.6766666666666666,0.08339997335464537,314,0.7166666666666667,0.5333333333333333,0.75,0.75,0.6333333333333333,0.3033257007598877,0.0015627384185791016
0.1,2.15443,0.3,50,0.7833333333333332,0.048304589153964766,65,0.7166666666666667,0.8166666666666667,0.8166666666666667,0.8333333333333333,0.7333333333333334,0.30269508361816405,0.0015610694885253907
0.1,2.15443,0.5,5,0.6700000000000002,0.132664991614216,352,0.6,0.7333333333333334,0.8333333333333333,0.7333333333333334,0.45,0.3334150791168213,0.001569080352783203
0.1,2.15443,0.5,10,0.6366666666666667,0.09030811456096045,458,0.6166666666666667,0.55,0.7333333333333334,0.75,0.5333333333333333,0.332369327545166,0.001567840576171875
0.1,2.15443,0.5,20,0.7133333333333333,0.11175369742826803,179,0.8166666666666667,0.6166666666666667,0.8333333333333333,0.75,0.55,0.33330111503601073,0.0015670299530029298
0.1,2.15443,0.5,50,0.7466666666666666,0.0635959467611297,135,0.7166666666666667,0.8166666666666667,0.8166666666666667,0.7333333333333334,0.65,0.33355040550231935,0.0015726089477539062
0.1,2.15443,0.7,5,0.6466666666666667,0.04642796092394709,446,0.6,0.65,0.6333333333333333,0.7333333333333334,0.6166666666666667,0.3838322162628174,0.001569652557373047
0.1,2.15443,0.7,10,0.65,0.16295875415440425,434,0.6166666666666667,0.45,0.7333333333333334,0.9166666666666667,0.5333333333333333,0.3846806526184082,0.0015667438507080077
0.1,2.15443,0.7,20,0.6766666666666667,0.11382247385975915,313,0.8166666666666667,0.5333333333333333,0.75,0.7333333333333334,0.55,0.3858738899230957,0.0016300678253173828
0.1,2.15443,0.7,50,0.7466666666666667,0.04396968652757636,128,0.7166666666666667,0.7166666666666667,0.7333333333333334,0.8333333333333333,0.7333333333333334,0.3855781078338623,0.0015684604644775391
0.1,2.15443,0.9,5,0.6633333333333333,0.0784573486395988,399,0.6,0.65,0.6333333333333333,0.8166666666666667,0.6166666666666667,0.4355134963989258,0.0015776634216308593
0.1,2.15443,0.9,10,0.6733333333333335,0.16519348924485158,321,0.7166666666666667,0.5333333333333333,0.75,0.9166666666666667,0.45,0.4315029621124268,0.0015573501586914062
0.1,2.15443,0.9,20,0.7266666666666667,0.08981462390204985,156,0.8166666666666667,0.6166666666666667,0.8333333333333333,0.7333333333333334,0.6333333333333333,0.432041072845459,0.0015553951263427735
0.1,2.15443,0.9,50,0.7866666666666666,0.08653836657164779,51,0.8166666666666667,0.9,0.7333333333333334,0.8333333333333333,0.65,0.431413459777832,0.001564788818359375
0.1,7.74264,0.1,5,0.5533333333333335,0.15470401847829726,644,0.35,0.7333333333333334,0.5,0.7333333333333334,0.45,0.29808793067932127,0.0015533924102783202
0.1,7.74264,0.1,10,0.6866666666666668,0.12970050972229147,263,0.8,0.7166666666666667,0.75,0.7333333333333334,0.43333333333333335,0.2977546215057373,0.001566600799560547
0.1,7.74264,0.1,20,0.6733333333333333,0.13106402167558331,339,0.8166666666666667,0.5333333333333333,0.8333333333333333,0.65,0.5333333333333333,0.29789128303527834,0.0015732288360595704
0.1,7.74264,0.1,50,0.8033333333333333,0.059066817155564486,32,0.8166666666666667,0.9,0.8166666666666667,0.75,0.7333333333333334,0.2996220111846924,0.0015680789947509766
0.1,7.74264,0.3,5,0.5466666666666666,0.12710450643291746,646,0.6,0.45,0.5833333333333334,0.7333333333333334,0.3666666666666667,0.4818470001220703,0.0015725135803222657
0.1,7.74264,0.3,10,0.6566666666666666,0.1470449666674185,407,0.5333333333333333,0.8166666666666667,0.75,0.75,0.43333333333333335,0.4799302101135254,0.00155792236328125
0.1,7.74264,0.3,20,0.6733333333333335,0.16076207402383325,321,0.8166666666666667,0.5333333333333333,0.8333333333333333,0.75,0.43333333333333335,0.48287138938903806,0.001570415496826172
0.1,7.74264,0.3,50,0.7466666666666666,0.0635959467611297,135,0.7166666666666667,0.8166666666666667,0.8166666666666667,0.65,0.7333333333333334,0.4829838752746582,0.001574563980102539
0.1,7.74264,0.5,5,0.6333333333333334,0.135400640077266,465,0.6,0.55,0.8333333333333333,0.7333333333333334,0.45,0.5701422691345215,0.0015718460083007813
0.1,7.74264,0.5,10,0.71,0.13021349989749742,186,0.6166666666666667,0.7333333333333334,0.75,0.9166666666666667,0.5333333333333333,0.5655876636505127,0.0015651702880859375
0.1,7.74264,0.5,20,0.6766666666666666,0.08339997335464537,314,0.7166666666666667,0.5333333333333333,0.75,0.75,0.6333333333333333,0.5684542655944824,0.0015732288360595704
0.1,7.74264,0.5,50,0.7833333333333332,0.048304589153964766,65,0.7166666666666667,0.8166666666666667,0.8166666666666667,0.8333333333333333,0.7333333333333334,0.5659185409545898,0.0015697956085205078
0.1,7.74264,0.7,5,0.6666666666666667,0.17094508539944117,374,0.5,0.7333333333333334,0.9166666666666667,0.7333333333333334,0.45,0.600593900680542,0.001700115203857422
0.1,7.74264,0.7,10,0.6933333333333334,0.13148721948877348,221,0.6166666666666667,0.65,0.75,0.9166666666666667,0.5333333333333333,0.6013278007507324,0.001575326919555664
0.1,7.74264,0.7,20,0.7133333333333334,0.11421227799341208,173,0.8166666666666667,0.5333333333333333,0.8333333333333333,0.75,0.6333333333333333,0.601710319519043,0.0015648841857910157
0.1,7.74264,0.7,50,0.7833333333333332,0.04830458915396476,65,0.7166666666666667,0.8166666666666667,0.8166666666666667,0.7333333333333334,0.8333333333333333,0.6035033226013183,0.0015629768371582032
0.1,7.74264,0.9,5,0.6866666666666668,0.15542057635833023,263,0.6,0.7333333333333334,0.9166666666666667,0.7333333333333334,0.45,0.6471942901611328,0.001567983627319336
0.1,7.74264,0.9,10,0.6900000000000001,0.13021349989749742,251,0.6166666666666667,0.65,0.7333333333333334,0.9166666666666667,0.5333333333333333,0.648033857345581,0.001561594009399414
0.1,7.74264,0.9,20,0.7100000000000001,0.07930251502246877,181,0.7166666666666667,0.6166666666666667,0.8333333333333333,0.75,0.6333333333333333,0.6467578411102295,0.001576709747314453
0.1,7.74264,0.9,50,0.7266666666666668,0.06879922480183429,150,0.7166666666666667,0.6166666666666667,0.7333333333333334,0.8333333333333333,0.7333333333333334,0.6462012767791748,0.0015661239624023438
0.1,27.8256,0.1,5,0.5566666666666668,0.152606975230128,634,0.35,0.7333333333333334,0.5,0.7333333333333334,0.4666666666666667,0.2977168083190918,0.0015516281127929688
0.1,27.8256,0.1,10,0.5800000000000001,0.1610382977224155,539,0.6333333333333333,0.35,0.75,0.7333333333333334,0.43333333333333335,0.2977818489074707,0.0015699386596679688
0.1,27.8256,0.1,20,0.6533333333333332,0.0985449699939632,428,0.6333333333333333,0.6166666666666667,0.8333333333333333,0.65,0.5333333333333333,0.29919018745422366,0.0015645503997802734
0.1,27.8256,0.1,50,0.8033333333333335,0.10077477638553985,20,0.8166666666666667,0.9,0.9166666666666667,0.65,0.7333333333333334,0.2991053104400635,0.001574087142944336
0.1,27.8256,0.3,5,0.5366666666666667,0.16878651868229552,673,0.35,0.7333333333333334,0.5,0.7333333333333334,0.3666666666666667,0.42064557075500486,0.001566171646118164
0.1,27.8256,0.3,10,0.6866666666666668,0.12970050972229147,263,0.8,0.7166666666666667,0.75,0.7333333333333334,0.43333333333333335,0.4199963092803955,0.0015700817108154296
0.1,27.8256,0.3,20,0.6933333333333332,0.11479450238481707,243,0.8166666666666667,0.6333333333333333,0.8333333333333333,0.65,0.5333333333333333,0.418660306930542,0.0015697956085205078
0.1,27.8256,0.3,50,0.8033333333333333,0.059066817155564486,32,0.8166666666666667,0.9,0.8166666666666667,0.75,0.7333333333333334,0.41791577339172364,0.0015607357025146484
0.1,27.8256,0.5,5,0.48,0.13800161029656305,799,0.35,0.45,0.5,0.7333333333333334,0.3666666666666667,0.5806773662567138,0.001573657989501953
0.1,27.8256,0.5,10,0.6566666666666666,0.14243907079481,407,0.8,0.8166666666666667,0.5833333333333334,0.65,0.43333333333333335,0.5809767723083497,0.0015833377838134766
0.1,27.8256,0.5,20,0.6733333333333335,0.16076207402383325,321,0.8166666666666667,0.5333333333333333,0.8333333333333333,0.75,0.43333333333333335,0.5796325206756592,0.0015766143798828125
0.1,27.8256,0.5,50,0.8066666666666666,0.02905932629027114,11,0.8166666666666667,0.8166666666666667,0.8166666666666667,0.75,0.8333333333333333,0.5792122840881347,0.0015693187713623046
0.1,27.8256,0.7,5,0.5666666666666667,0.10274023338281629,599,0.6,0.45,0.5833333333333334,0.7333333333333334,0.4666666666666667,0.695063591003418,0.0015582561492919922
0.1,27.8256,0.7,10,0.6566666666666666,0.1470449666674185,407,0.5333333333333333,0.8166666666666667,0.75,0.75,0.43333333333333335,0.6975612640380859,0.001554393768310547
0.1,27.8256,0.7,20,0.6733333333333335,0.16076207402383325,321,0.8166666666666667,0.5333333333333333,0.8333333333333333,0.75,0.43333333333333335,0.6944145679473877,0.0016814708709716798
0.1,27.8256,0.7,50,0.7866666666666666,0.08969082698049141,51,0.8166666666666667,0.8166666666666667,0.9166666666666667,0.65,0.7333333333333334,0.6972901344299316,0.001561450958251953
0.1,27.8256,0.9,5,0.6166666666666667,0.14907119849998596,487,0.6,0.45,0.8333333333333333,0.7333333333333334,0.4666666666666667,0.7902892112731934,0.001566934585571289
0.1,27.8256,0.9,10,0.6933333333333334,0.13358309939675916,221,0.5333333333333333,0.8166666666666667,0.8333333333333333,0.75,0.5333333333333333,0.794002103805542,0.001574087142944336
0.1,27.8256,0.9,20,0.6933333333333334,0.05120763831912405,221,0.7166666666666667,0.6166666666666667,0.65,0.75,0.7333333333333334,0.791213846206665,0.0015622615814208985
0.1,27.8256,0.9,50,0.7833333333333332,0.048304589153964766,65,0.7166666666666667,0.8166666666666667,0.8166666666666667,0.8333333333333333,0.7333333333333334,0.7887788772583008,0.0015923500061035157
0.1,100.0,0.1,5,0.5566666666666668,0.152606975230128,634,0.35,0.7333333333333334,0.5,0.7333333333333334,0.4666666666666667,0.3651144504547119,0.0015666484832763672
0.1,100.0,0.1,10,0.5800000000000001,0.1610382977224155,539,0.6333333333333333,0.35,0.75,0.7333333333333334,0.43333333333333335,0.3661536693572998,0.0015639305114746095
0.1,100.0,0.1,20,0.71,0.09463379711052257,186,0.8166666666666667,0.6166666666666667,0.8333333333333333,0.65,0.6333333333333333,0.36561431884765627,0.0015600204467773437
0.1,100.0,0.1,50,0.8033333333333335,0.10077477638553985,20,0.8166666666666667,0.9,0.9166666666666667,0.65,0.7333333333333334,0.365066385269165,0.0015653610229492188
0.1,100.0,0.3,5,0.54,0.13605554421305704,669,0.35,0.7333333333333334,0.5,0.65,0.4666666666666667,0.36330595016479494,0.0015709400177001953
0.1,100.0,0.3,10,0.5800000000000001,0.1610382977224155,539,0.6333333333333333,0.35,0.75,0.7333333333333334,0.43333333333333335,0.3623783111572266,0.001558971405029297
0.1,100.0,0.3,20,0.6533333333333332,0.0985449699939632,428,0.6333333333333333,0.6166666666666667,0.8333333333333333,0.65,0.5333333333333333,0.36157798767089844,0.001569509506225586
0.1,100.0,0.3,50,0.8033333333333335,0.10077477638553985,20,0.8166666666666667,0.9,0.9166666666666667,0.65,0.7333333333333334,0.3621064186096191,0.00157012939453125
0.1,100.0,0.5,5,0.54,0.13605554421305704,669,0.35,0.7333333333333334,0.5,0.65,0.4666666666666667,0.38033442497253417,0.0015570163726806641
0.1,100.0,0.5,10,0.6166666666666666,0.12018504251546631,491,0.6333333333333333,0.5333333333333333,0.75,0.7333333333333334,0.43333333333333335,0.3812860488891602,0.0015592098236083985
0.1,100.0,0.5,20,0.6533333333333332,0.0985449699939632,428,0.6333333333333333,0.6166666666666667,0.8333333333333333,0.65,0.5333333333333333,0.3809075355529785,0.001558971405029297
0.1,100.0,0.5,50,0.8033333333333335,0.10077477638553985,20,0.8166666666666667,0.9,0.9166666666666667,0.65,0.7333333333333334,0.3809827327728271,0.0015822410583496093
0.1,100.0,0.7,5,0.5566666666666668,0.152606975230128,634,0.35,0.7333333333333334,0.5,0.7333333333333334,0.4666666666666667,0.4158599853515625,0.00156402587890625
0.1,100.0,0.7,10,0.6533333333333333,0.11709445380166865,418,0.6333333333333333,0.7166666666666667,0.75,0.7333333333333334,0.43333333333333335,0.4162922382354736,0.0015604019165039063
0.1,100.0,0.7,20,0.69,0.1167142760000773,256,0.8166666666666667,0.6166666666666667,0.8333333333333333,0.65,0.5333333333333333,0.4166060447692871,0.0015750408172607421
0.1,100.0,0.7,50,0.8233333333333335,0.07498147919467996,1,0.8166666666666667,0.9,0.9166666666666667,0.75,0.7333333333333334,0.4157280921936035,0.0015716552734375
0.1,100.0,0.9,5,0.5566666666666668,0.152606975230128,634,0.35,0.7333333333333334,0.5,0.7333333333333334,0.4666666666666667,0.4707077980041504,0.0016362667083740234
0.1,100.0,0.9,10,0.6866666666666668,0.12970050972229147,263,0.8,0.7166666666666667,0.75,0.7333333333333334,0.43333333333333335,0.4694392681121826,0.0015756607055664063
0.1,100.0,0.9,20,0.69,0.1167142760000773,256,0.8166666666666667,0.6166666666666667,0.8333333333333333,0.65,0.5333333333333333,0.4696532726287842,0.0015790462493896484
0.1,100.0,0.9,50,0.8033333333333333,0.059066817155564486,32,0.8166666666666667,0.9,0.8166666666666667,0.75,0.7333333333333334,0.4696033954620361,0.001691436767578125
0.2,0.001,0.1,5,0.4800000000000001,0.02666666666666668,783,0.5166666666666667,0.48333333333333334,0.48333333333333334,0.48333333333333334,0.43333333333333335,0.0033515453338623046,0.0013959407806396484
0.2,0.001,0.1,10,0.5766666666666668,0.09695359714832656,545,0.5166666666666667,0.7166666666666667,0.5833333333333334,0.6333333333333333,0.43333333333333335,0.0032560348510742186,0.0014047622680664062
0.2,0.001,0.1,20,0.5333333333333334,0.1069787102392081,693,0.43333333333333335,0.48333333333333334,0.4666666666666667,0.7333333333333334,0.55,0.003295564651489258,0.0013997554779052734
0.2,0.001,0.1,50,0.6666666666666667,0.08819171036881968,374,0.6166666666666667,0.7166666666666667,0.5166666666666667,0.7333333333333334,0.75,0.0032682418823242188,0.00139312744140625
0.2,0.001,0.3,5,0.4800000000000001,0.02666666666666668,783,0.5166666666666667,0.48333333333333334,0.48333333333333334,0.48333333333333334,0.43333333333333335,0.0032805442810058595,0.0013932228088378907
0.2,0.001,0.3,10,0.5766666666666668,0.09695359714832656,545,0.5166666666666667,0.7166666666666667,0.5833333333333334,0.6333333333333333,0.43333333333333335,0.003267717361450195,0.0013998031616210937
0.2,0.001,0.3,20,0.5333333333333334,0.1069787102392081,693,0.43333333333333335,0.48333333333333334,0.4666666666666667,0.7333333333333334,0.55,0.003290700912475586,0.0013820648193359375
0.2,0.001,0.3,50,0.6666666666666667,0.08819171036881968,374,0.6166666666666667,0.7166666666666667,0.5166666666666667,0.7333333333333334,0.75,0.003258514404296875,0.0013973712921142578
0.2,0.001,0.5,5,0.4800000000000001,0.02666666666666668,783,0.5166666666666667,0.48333333333333334,0.48333333333333334,0.48333333333333334,0.43333333333333335,0.003238487243652344,0.0014742374420166015
0.2,0.001,0.5,10,0.5766666666666668,0.09695359714832656,545,0.5166666666666667,0.7166666666666667,0.5833333333333334,0.6333333333333333,0.43333333333333335,0.0032684803009033203,0.0013991832733154298
0.2,0.001,0.5,20,0.5333333333333334,0.1069787102392081,693,0.43333333333333335,0.48333333333333334,0.4666666666666667,0.7333333333333334,0.55,0.0032735824584960937,0.001410675048828125
0.2,0.001,0.5,50,0.6666666666666667,0.08819171036881968,374,0.6166666666666667,0.7166666666666667,0.5166666666666667,0.7333333333333334,0.75,0.003263044357299805,0.0014027595520019532
0.2,0.001,0.7,5,0.4800000000000001,0.02666666666666668,783,0.5166666666666667,0.48333333333333334,0.48333333333333334,0.48333333333333334,0.43333333333333335,0.0033011436462402344,0.0013985157012939454
0.2,0.001,0.7,10,0.5766666666666668,0.09695359714832656,545,0.5166666666666667,0.7166666666666667,0.5833333333333334,0.6333333333333333,0.43333333333333335,0.0032623291015625,0.0013951301574707032
0.2,0.001,0.7,20,0.5333333333333334,0.1069787102392081,693,0.43333333333333335,0.48333333333333334,0.4666666666666667,0.7333333333333334,0.55,0.0032950878143310548,0.0013957977294921874
0.2,0.001,0.7,50,0.6666666666666667,0.08819171036881968,374,0.6166666666666667,0.7166666666666667,0.5166666666666667,0.7333333333333334,0.75,0.003275299072265625,0.0013730049133300782
0.2,0.001,0.9,5,0.4800000000000001,0.02666666666666668,783,0.5166666666666667,0.48333333333333334,0.48333333333333334,0.48333333333333334,0.43333333333333335,0.0033095359802246095,0.0014007091522216797
0.2,0.001,0.9,10,0.5766666666666668,0.09695359714832656,545,0.5166666666666667,0.7166666666666667,0.5833333333333334,0.6333333333333333,0.43333333333333335,0.0032581329345703126,0.0013858795166015625
0.2,0.001,0.9,20,0.5333333333333334,0.1069787102392081,693,0.43333333333333335,0.48333333333333334,0.4666666666666667,0.7333333333333334,0.55,0.003315591812133789,0.0013871192932128906
0.2,0.001,0.9,50,0.6666666666666667,0.08819171036881968,374,0.6166666666666667,0.7166666666666667,0.5166666666666667,0.7333333333333334,0.75,0.0032793521881103516,0.001458454132080078
0.2,0.00359381,0.1,5,0.4800000000000001,0.02666666666666668,783,0.5166666666666667,0.48333333333333334,0.48333333333333334,0.48333333333333334,0.43333333333333335,0.0040741443634033205,0.0014105796813964843
0.2,0.00359381,0.1,10,0.5766666666666668,0.09695359714832656,545,0.5166666666666667,0.7166666666666667,0.5833333333333334,0.6333333333333333,0.43333333333333335,0.004043436050415039,0.0014091968536376954
0.2,0.00359381,0.1,20,0.5333333333333334,0.1069787102392081,693,0.43333333333333335,0.48333333333333334,0.4666666666666667,0.7333333333333334,0.55,0.004094076156616211,0.0014163494110107423
0.2,0.00359381,0.1,50,0.6666666666666667,0.08819171036881968,374,0.6166666666666667,0.7166666666666667,0.5166666666666667,0.7333333333333334,0.75,0.0041370391845703125,0.001399087905883789
0.2,0.00359381,0.3,5,0.4800000000000001,0.02666666666666668,783,0.5166666666666667,0.48333333333333334,0.48333333333333334,0.48333333333333334,0.43333333333333335,0.003232431411743164,0.0014071464538574219
0.2,0.00359381,0.3,10,0.5766666666666668,0.09695359714832656,545,0.5166666666666667,0.7166666666666667,0.5833333333333334,0.6333333333333333,0.43333333333333335,0.0032330989837646485,0.0013908863067626954
0.2,0.00359381,0.3,20,0.5333333333333334,0.1069787102392081,693,0.43333333333333335,0.48333333333333334,0.4666666666666667,0.7333333333333334,0.55,0.0033067703247070313,0.001397991180419922
0.2,0.00359381,0.3,50,0.6666666666666667,0.08819171036881968,374,0.6166666666666667,0.7166666666666667,0.5166666666666667,0.7333333333333334,0.75,0.003346109390258789,0.0014052867889404296
0.2,0.00359381,0.5,5,0.4800000000000001,0.02666666666666668,783,0.5166666666666667,0.48333333333333334,0.48333333333333334,0.48333333333333334,0.43333333333333335,0.0032387733459472655,0.0013962268829345703
0.2,0.00359381,0.5,10,0.5766666666666668,0.09695359714832656,545,0.5166666666666667,0.7166666666666667,0.5833333333333334,0.6333333333333333,0.43333333333333335,0.003252124786376953,0.001383209228515625
0.2,0.00359381,0.5,20,0.5333333333333334,0.1069787102392081,693,0.43333333333333335,0.48333333333333334,0.4666666666666667,0.7333333333333334,0.55,0.0033366203308105467,0.001398611068725586
0.2,0.00359381,0.5,50,0.6666666666666667,0.08819171036881968,374,0.6166666666666667,0.7166666666666667,0.5166666666666667,0.7333333333333334,0.75,0.003274393081665039,0.0013964653015136718
0.2,0.00359381,0.7,5,0.4800000000000001,0.02666666666666668,783,0.5166666666666667,0.48333333333333334,0.48333333333333334,0.48333333333333334,0.43333333333333335,0.0032272815704345705,0.0013912677764892577
0.2,0.00359381,0.7,10,0.5766666666666668,0.09695359714832656,545,0.5166666666666667,0.7166666666666667,0.5833333333333334,0.6333333333333333,0.43333333333333335,0.003258800506591797,0.0013781547546386718
0.2,0.00359381,0.7,20,0.5333333333333334,0.1069787102392081,693,0.43333333333333335,0.48333333333333334,0.4666666666666667,0.7333333333333334,0.55,0.0032876968383789063,0.0014599323272705077
0.2,0.00359381,0.7,50,0.6666666666666667,0.08819171036881968,374,0.6166666666666667,0.7166666666666667,0.5166666666666667,0.7333333333333334,0.75,0.003256559371948242,0.0013983726501464843
0.2,0.00359381,0.9,5,0.4800000000000001,0.02666666666666668,783,0.5166666666666667,0.48333333333333334,0.48333333333333334,0.48333333333333334,0.43333333333333335,0.003245830535888672,0.001383209228515625
0.2,0.00359381,0.9,10,0.5766666666666668,0.09695359714832656,545,0.5166666666666667,0.7166666666666667,0.5833333333333334,0.6333333333333333,0.43333333333333335,0.0032573699951171874,0.0013867855072021485
0.2,0.00359381,0.9,20,0.5333333333333334,0.1069787102392081,693,0.43333333333333335,0.48333333333333334,0.4666666666666667,0.7333333333333334,0.55,0.0033492565155029295,0.0013875484466552735
0.2,0.00359381,0.9,50,0.6666666666666667,0.08819171036881968,374,0.6166666666666667,0.7166666666666667,0.5166666666666667,0.7333333333333334,0.75,0.0032435894012451173,0.0013875007629394532
0.2,0.0129155,0.1,5,0.5633333333333334,0.16377491328717664,603,0.65,0.26666666666666666,0.5166666666666667,0.7333333333333334,0.65,0.011688709259033203,0.0013877391815185548
0.2,0.0129155,0.1,10,0.6166666666666666,0.13703203194062977,491,0.8166666666666667,0.45,0.5166666666666667,0.5666666666666667,0.7333333333333334,0.011677694320678712,0.0013823509216308594
0.2,0.0129155,0.1,20,0.6933333333333334,0.12409673645990855,221,0.8166666666666667,0.5333333333333333,0.7166666666666667,0.5666666666666667,0.8333333333333333,0.011791372299194336,0.0013994216918945313
0.2,0.0129155,0.1,50,0.7699999999999999,0.07408703590297623,83,0.8166666666666667,0.6333333333333333,0.8166666666666667,0.8333333333333333,0.75,0.011690998077392578,0.0013949871063232422
0.2,0.0129155,0.3,5,0.4800000000000001,0.02666666666666668,783,0.5166666666666667,0.48333333333333334,0.48333333333333334,0.48333333333333334,0.43333333333333335,0.004128026962280274,0.0013839244842529298
0.2,0.0129155,0.3,10,0.5766666666666668,0.09695359714832656,545,0.5166666666666667,0.7166666666666667,0.5833333333333334,0.6333333333333333,0.43333333333333335,0.004123973846435547,0.0013815402984619141
0.2,0.0129155,0.3,20,0.5333333333333334,0.1069787102392081,693,0.43333333333333335,0.48333333333333334,0.4666666666666667,0.7333333333333334,0.55,0.004160404205322266,0.001386117935180664
0.2,0.0129155,0.3,50,0.6666666666666667,0.08819171036881968,374,0.6166666666666667,0.7166666666666667,0.5166666666666667,0.7333333333333334,0.75,0.004188966751098633,0.0013927459716796876
0.2,0.0129155,0.5,5,0.4800000000000001,0.02666666666666668,783,0.5166666666666667,0.48333333333333334,0.48333333333333334,0.48333333333333334,0.43333333333333335,0.003655815124511719,0.0013789653778076172
0.2,0.0129155,0.5,10,0.5766666666666668,0.09695359714832656,545,0.5166666666666667,0.7166666666666667,0.5833333333333334,0.6333333333333333,0.43333333333333335,0.003678560256958008,0.0013835430145263672
0.2,0.0129155,0.5,20,0.5333333333333334,0.1069787102392081,693,0.43333333333333335,0.48333333333333334,0.4666666666666667,0.7333333333333334,0.55,0.003775358200073242,0.0013930797576904297
0.2,0.0129155,0.5,50,0.6666666666666667,0.08819171036881968,374,0.6166666666666667,0.7166666666666667,0.5166666666666667,0.7333333333333334,0.75,0.0037078857421875,0.0013916492462158203
0.2,0.0129155,0.7,5,0.4800000000000001,0.02666666666666668,783,0.5166666666666667,0.48333333333333334,0.48333333333333334,0.48333333333333334,0.43333333333333335,0.0036715030670166015,0.0013840675354003906
0.2,0.0129155,0.7,10,0.5766666666666668,0.09695359714832656,545,0.5166666666666667,0.7166666666666667,0.5833333333333334,0.6333333333333333,0.43333333333333335,0.003673076629638672,0.0013858318328857423
0.2,0.0129155,0.7,20,0.5333333333333334,0.1069787102392081,693,0.43333333333333335,0.48333333333333334,0.4666666666666667,0.7333333333333334,0.55,0.0037968635559082033,0.0013880729675292969
0.2,0.0129155,0.7,50,0.6666666666666667,0.08819171036881968,374,0.6166666666666667,0.7166666666666667,0.5166666666666667,0.7333333333333334,0.75,0.0036879062652587892,0.001390552520751953
0.2,0.0129155,0.9,5,0.4800000000000001,0.02666666666666668,783,0.5166666666666667,0.48333333333333334,0.48333333333333334,0.48333333333333334,0.43333333333333335,0.0033193588256835937,0.0013770103454589845
0.2,0.0129155,0.9,10,0.5766666666666668,0.09695359714832656,545,0.5166666666666667,0.7166666666666667,0.5833333333333334,0.6333333333333333,0.43333333333333335,0.003325939178466797,0.001447772979736328
0.2,0.0129155,0.9,20,0.5333333333333334,0.1069787102392081,693,0.43333333333333335,0.48333333333333334,0.4666666666666667,0.7333333333333334,0.55,0.003372049331665039,0.001407480239868164
0.2,0.0129155,0.9,50,0.6666666666666667,0.08819171036881968,374,0.6166666666666667,0.7166666666666667,0.5166666666666667,0.7333333333333334,0.75,0.003342151641845703,0.0014130115509033204
0.2,0.0464159,0.1,5,0.65,0.13944333775567927,434,0.8,0.45,0.75,0.7333333333333334,0.5166666666666667,0.022409915924072266,0.001400899887084961
0.2,0.0464159,0.1,10,0.6366666666666667,0.12970050972229147,458,0.7166666666666667,0.5333333333333333,0.75,0.75,0.43333333333333335,0.022303390502929687,0.0014097213745117188
0.2,0.0464159,0.1,20,0.7466666666666667,0.07774602526460397,128,0.7166666666666667,0.6166666666666667,0.8333333333333333,0.75,0.8166666666666667,0.022417306900024414,0.001405620574951172
0.2,0.0464159,0.1,50,0.8066666666666666,0.06463573143221774,11,0.8166666666666667,0.8166666666666667,0.7333333333333334,0.9166666666666667,0.75,0.022429132461547853,0.0014064788818359375
0.2,0.0464159,0.3,5,0.5266666666666666,0.1818424226264781,710,0.7166666666666667,0.26666666666666666,0.35,0.65,0.65,0.022670745849609375,0.0013935089111328125
0.2,0.0464159,0.3,10,0.6966666666666667,0.11372481406154653,213,0.8166666666666667,0.5333333333333333,0.8333333333333333,0.6666666666666666,0.6333333333333333,0.02270822525024414,0.0013967037200927734
0.2,0.0464159,0.3,20,0.7666666666666667,0.08881941729649485,100,0.8166666666666667,0.9,0.7333333333333334,0.75,0.6333333333333333,0.0225125789642334,0.0014044284820556641
0.2,0.0464159,0.3,50,0.7699999999999999,0.046427960923947034,83,0.8166666666666667,0.7166666666666667,0.7333333333333334,0.8333333333333333,0.75,0.022362709045410156,0.0014129638671875
0.2,0.0464159,0.5,5,0.52,0.05617433182117573,716,0.55,0.48333333333333334,0.6166666666666667,0.48333333333333334,0.4666666666666667,0.013522911071777343,0.0013869285583496093
0.2,0.0464159,0.5,10,0.6133333333333334,0.0812403840463596,502,0.6333333333333333,0.7166666666666667,0.6166666666666667,0.6333333333333333,0.4666666666666667,0.013549041748046876,0.001394510269165039
0.2,0.0464159,0.5,20,0.6266666666666667,0.13686976778431872,480,0.6333333333333333,0.48333333333333334,0.8166666666666667,0.7333333333333334,0.4666666666666667,0.013545846939086914,0.0014048099517822265
0.2,0.0464159,0.5,50,0.75,0.034960294939005036,122,0.7333333333333334,0.7166666666666667,0.8166666666666667,0.7333333333333334,0.75,0.013453865051269531,0.0014006137847900391
0.2,0.0464159,0.7,5,0.4800000000000001,0.02666666666666668,783,0.5166666666666667,0.48333333333333334,0.48333333333333334,0.48333333333333334,0.43333333333333335,0.004162359237670899,0.0013718605041503906
0.2,0.0464159,0.7,10,0.5766666666666668,0.09695359714832656,545,0.5166666666666667,0.7166666666666667,0.5833333333333334,0.6333333333333333,0.43333333333333335,0.004153537750244141,0.001388883590698242
0.2,0.0464159,0.7,20,0.5333333333333334,0.1069787102392081,693,0.43333333333333335,0.48333333333333334,0.4666666666666667,0.7333333333333334,0.55,0.00430150032043457,0.001381063461303711
0.2,0.0464159,0.7,50,0.6666666666666667,0.08819171036881968,374,0.6166666666666667,0.7166666666666667,0.5166666666666667,0.7333333333333334,0.75,0.004186439514160156,0.0013803958892822266
0.2,0.0464159,0.9,5,0.4800000000000001,0.02666666666666668,783,0.5166666666666667,0.48333333333333334,0.48333333333333334,0.48333333333333334,0.43333333333333335,0.0041120052337646484,0.0013800621032714843
0.2,0.0464159,0.9,10,0.5766666666666668,0.09695359714832656,545,0.5166666666666667,0.7166666666666667,0.5833333333333334,0.6333333333333333,0.43333333333333335,0.0041692256927490234,0.0013952255249023438
0.2,0.0464159,0.9,20,0.5333333333333334,0.1069787102392081,693,0.43333333333333335,0.48333333333333334,0.4666666666666667,0.7333333333333334,0.55,0.00413360595703125,0.0013751983642578125
0.2,0.0464159,0.9,50,0.6666666666666667,0.08819171036881968,374,0.6166666666666667,0.7166666666666667,0.5166666666666667,0.7333333333333334,0.75,0.004130029678344726,0.0013804435729980469
0.2,0.16681,0.1,5,0.6666666666666666,0.08498365855987972,393,0.6,0.6333333333333333,0.8333333333333333,0.65,0.6166666666666667,0.051692771911621097,0.001439046859741211
0.2,0.16681,0.1,10,0.7266666666666668,0.06960204339273697,150,0.6166666666666667,0.7166666666666667,0.8333333333333333,0.75,0.7166666666666667,0.051681804656982425,0.0014206886291503907
0.2,0.16681,0.1,20,0.7366666666666667,0.059066817155564506,140,0.8166666666666667,0.6333333333333333,0.75,0.75,0.7333333333333334,0.05160336494445801,0.0014169692993164062
0.2,0.16681,0.1,50,0.7699999999999999,0.03999999999999999,83,0.7166666666666667,0.8166666666666667,0.8166666666666667,0.75,0.75,0.05168185234069824,0.0014203548431396484
0.2,0.16681,0.3,5,0.67,0.1151810169544733,356,0.8,0.55,0.8166666666666667,0.5666666666666667,0.6166666666666667,0.055615472793579104,0.001417684555053711
0.2,0.16681,0.3,10,0.6333333333333334,0.1831817555204545,465,0.6166666666666667,0.45,0.75,0.9166666666666667,0.43333333333333335,0.05567460060119629,0.0014226436614990234
0.2,0.16681,0.3,20,0.7166666666666667,0.036514837167011066,170,0.7166666666666667,0.7166666666666667,0.75,0.75,0.65,0.05604209899902344,0.0014186859130859374
0.2,0.16681,0.3,50,0.7699999999999999,0.046427960923947034,83,0.7166666666666667,0.8166666666666667,0.7333333333333334,0.8333333333333333,0.75,0.05561666488647461,0.001426553726196289
0.2,0.16681,0.5,5,0.5700000000000001,0.10077477638553983,597,0.7166666666666667,0.5333333333333333,0.43333333333333335,0.65,0.5166666666666667,0.06178493499755859,0.0014365673065185546
0.2,0.16681,0.5,10,0.6166666666666666,0.17480147469502524,491,0.8166666666666667,0.45,0.55,0.8333333333333333,0.43333333333333335,0.06175484657287598,0.001428699493408203
0.2,0.16681,0.5,20,0.7533333333333332,0.06699917080747257,120,0.8166666666666667,0.7166666666666667,0.75,0.8333333333333333,0.65,0.06194396018981933,0.0014177799224853516
0.2,0.16681,0.5,50,0.8233333333333335,0.07498147919467996,1,0.8166666666666667,0.9,0.7333333333333334,0.9166666666666667,0.75,0.06174488067626953,0.001430511474609375
0.2,0.16681,0.7,5,0.61,0.1167142760000773,506,0.7166666666666667,0.65,0.43333333333333335,0.7333333333333334,0.5166666666666667,0.07092232704162597,0.00141448974609375
0.2,0.16681,0.7,10,0.6599999999999999,0.12454361128179602,404,0.8166666666666667,0.45,0.6333333333333333,0.75,0.65,0.07097840309143066,0.0014279842376708984
0.2,0.16681,0.7,20,0.7633333333333333,0.07333333333333332,108,0.8166666666666667,0.8,0.6333333333333333,0.8333333333333333,0.7333333333333334,0.0724832534790039,0.001478433609008789
0.2,0.16681,0.7,50,0.77,0.03231786571610885,78,0.8166666666666667,0.8,0.7333333333333334,0.75,0.75,0.07245197296142578,0.0014949321746826171
0.2,0.16681,0.9,5,0.6233333333333333,0.10143416036468626,481,0.7166666666666667,0.4666666666666667,0.55,0.7333333333333334,0.65,0.07409577369689942,0.001481342315673828
0.2,0.16681,0.9,10,0.7,0.09545214042184232,209,0.7166666666666667,0.55,0.75,0.8333333333333333,0.65,0.07436347007751465,0.0014402389526367188
0.2,0.16681,0.9,20,0.7266666666666666,0.10677078252031309,162,0.7166666666666667,0.8166666666666667,0.7333333333333334,0.8333333333333333,0.5333333333333333,0.07336511611938476,0.0014312267303466797
0.2,0.16681,0.9,50,0.7699999999999999,0.046427960923947034,83,0.8166666666666667,0.7166666666666667,0.7333333333333334,0.8333333333333333,0.75,0.07313003540039062,0.0014459609985351563
0.2,0.599484,0.1,5,0.6133333333333334,0.07102425250887506,502,0.6,0.6333333333333333,0.5833333333333334,0.7333333333333334,0.5166666666666667,0.1217813491821289,0.0014957904815673829
0.2,0.599484,0.1,10,0.7066666666666667,0.15937377450509224,199,0.6166666666666667,0.8166666666666667,0.8333333333333333,0.8333333333333333,0.43333333333333335,0.12194657325744629,0.0014821529388427735
0.2,0.599484,0.1,20,0.6733333333333335,0.16076207402383325,321,0.8166666666666667,0.5333333333333333,0.8333333333333333,0.75,0.43333333333333335,0.12197790145874024,0.0015067100524902345
0.2,0.599484,0.1,50,0.7866666666666665,0.0452155332208351,57,0.7166666666666667,0.8166666666666667,0.8166666666666667,0.75,0.8333333333333333,0.12180080413818359,0.0014976978302001954
0.2,0.599484,0.3,5,0.6699999999999999,0.10132456102380441,363,0.6,0.6333333333333333,0.8333333333333333,0.7333333333333334,0.55,0.141556453704834,0.0015362739562988282
0.2,0.599484,0.3,10,0.6699999999999999,0.12489995996796796,363,0.8,0.6333333333333333,0.55,0.8333333333333333,0.5333333333333333,0.14103784561157226,0.0015511035919189454
0.2,0.599484,0.3,20,0.7133333333333334,0.07630348761506396,173,0.8166666666666667,0.6166666666666667,0.75,0.75,0.6333333333333333,0.1398761749267578,0.0015248775482177735
0.2,0.599484,0.3,50,0.8033333333333331,0.04396968652757637,38,0.7166666666666667,0.8166666666666667,0.8166666666666667,0.8333333333333333,0.8333333333333333,0.13966517448425292,0.0015322208404541016
0.2,0.599484,0.5,5,0.6666666666666667,0.13824294235551812,374,0.6,0.7333333333333334,0.7333333333333334,0.8333333333333333,0.43333333333333335,0.16219406127929686,0.001584482192993164
0.2,0.599484,0.5,10,0.6866666666666668,0.1442990721460891,263,0.7,0.5333333333333333,0.75,0.9166666666666667,0.5333333333333333,0.16244258880615234,0.001529836654663086
0.2,0.599484,0.5,20,0.7433333333333333,0.07423685817106696,139,0.8166666666666667,0.7,0.8333333333333333,0.7333333333333334,0.6333333333333333,0.16182184219360352,0.0015336990356445313
0.2,0.599484,0.5,50,0.7833333333333333,0.08881941729649484,59,0.7166666666666667,0.9,0.8166666666666667,0.8333333333333333,0.65,0.1620927333831787,0.001560211181640625
0.2,0.599484,0.7,5,0.6533333333333333,0.09626352718795764,418,0.6,0.65,0.55,0.8333333333333333,0.6333333333333333,0.1810889720916748,0.0015534400939941407
0.2,0.599484,0.7,10,0.6933333333333334,0.15260697523012798,221,0.7166666666666667,0.45,0.75,0.9166666666666667,0.6333333333333333,0.1799309730529785,0.001547861099243164
0.2,0.599484,0.7,20,0.7233333333333334,0.0592546294487706,166,0.8166666666666667,0.7,0.7333333333333334,0.7333333333333334,0.6333333333333333,0.1796400547027588,0.0015458106994628907
0.2,0.599484,0.7,50,0.7866666666666667,0.06944222218666551,43,0.7166666666666667,0.9,0.7333333333333334,0.8333333333333333,0.75,0.17953972816467284,0.0015443801879882813
0.2,0.599484,0.9,5,0.6333333333333333,0.12247448713915889,472,0.6,0.65,0.45,0.8333333333333333,0.6333333333333333,0.1975318431854248,0.001555156707763672
0.2,0.599484,0.9,10,0.67,0.16377491328717664,356,0.7166666666666667,0.45,0.7333333333333334,0.9166666666666667,0.5333333333333333,0.19761042594909667,0.0015669822692871093
0.2,0.599484,0.9,20,0.7066666666666668,0.07348469228349534,196,0.8166666666666667,0.6166666666666667,0.7333333333333334,0.7333333333333334,0.6333333333333333,0.1975846767425537,0.0015626907348632812
0.2,0.599484,0.9,50,0.8066666666666666,0.06018490028422594,11,0.8166666666666667,0.9,0.7333333333333334,0.8333333333333333,0.75,0.19778017997741698,0.001561880111694336
0.2,2.15443,0.1,5,0.5633333333333334,0.1185092588975412,603,0.6,0.5333333333333333,0.5833333333333334,0.7333333333333334,0.3666666666666667,0.23454718589782714,0.001548433303833008
0.2,2.15443,0.1,10,0.6900000000000001,0.14929463784372457,251,0.6166666666666667,0.8166666666666667,0.75,0.8333333333333333,0.43333333333333335,0.23528428077697755,0.00156707763671875
0.2,2.15443,0.1,20,0.6733333333333335,0.16076207402383325,321,0.8166666666666667,0.5333333333333333,0.8333333333333333,0.75,0.43333333333333335,0.2349836826324463,0.0015621185302734375
0.2,2.15443,0.1,50,0.8066666666666666,0.02905932629027114,11,0.8166666666666667,0.8166666666666667,0.8166666666666667,0.75,0.8333333333333333,0.23490891456604004,0.0015646934509277344
0.2,2.15443,0.3,5,0.6633333333333333,0.1127435635019184,399,0.5,0.6333333333333333,0.8333333333333333,0.7333333333333334,0.6166666666666667,0.30257110595703124,0.001558208465576172
0.2,2.15443,0.3,10,0.71,0.11907047399661165,186,0.6166666666666667,0.7333333333333334,0.8333333333333333,0.8333333333333333,0.5333333333333333,0.3035281181335449,0.0016260623931884765
0.2,2.15443,0.3,20,0.6766666666666666,0.08339997335464537,314,0.7166666666666667,0.5333333333333333,0.75,0.75,0.6333333333333333,0.3028761863708496,0.0015715599060058595
0.2,2.15443,0.3,50,0.7833333333333332,0.048304589153964766,65,0.7166666666666667,0.8166666666666667,0.8166666666666667,0.8333333333333333,0.7333333333333334,0.3020312786102295,0.0015651226043701173
0.2,2.15443,0.5,5,0.7033333333333334,0.08589399151150082,205,0.6,0.7333333333333334,0.8333333333333333,0.7333333333333334,0.6166666666666667,0.33296880722045896,0.0015639781951904297
0.2,2.15443,0.5,10,0.6366666666666667,0.09030811456096045,458,0.6166666666666667,0.55,0.7333333333333334,0.75,0.5333333333333333,0.3330416202545166,0.001562213897705078
0.2,2.15443,0.5,20,0.7133333333333334,0.07630348761506396,173,0.8166666666666667,0.6166666666666667,0.75,0.75,0.6333333333333333,0.333144474029541,0.001568746566772461
0.2,2.15443,0.5,50,0.7466666666666666,0.0635959467611297,135,0.7166666666666667,0.8166666666666667,0.8166666666666667,0.7333333333333334,0.65,0.33318443298339845,0.0015665054321289062
0.2,2.15443,0.7,5,0.6466666666666667,0.04642796092394709,446,0.6,0.65,0.6333333333333333,0.7333333333333334,0.6166666666666667,0.38167591094970704,0.0015614986419677734
0.2,2.15443,0.7,10,0.65,0.16295875415440425,434,0.6166666666666667,0.45,0.7333333333333334,0.9166666666666667,0.5333333333333333,0.38266987800598146,0.0015498638153076173
0.2,2.15443,0.7,20,0.6933333333333334,0.09921917377424813,221,0.8166666666666667,0.5333333333333333,0.75,0.7333333333333334,0.6333333333333333,0.3820636749267578,0.0015672206878662109
0.2,2.15443,0.7,50,0.7300000000000001,0.0635959467611297,143,0.7166666666666667,0.6333333333333333,0.7333333333333334,0.8333333333333333,0.7333333333333334,0.38122997283935545,0.001562356948852539
0.2,2.15443,0.9,5,0.6633333333333333,0.0784573486395988,399,0.6,0.65,0.6333333333333333,0.8166666666666667,0.6166666666666667,0.43348445892333987,0.0015604019165039063
0.2,2.15443,0.9,10,0.6733333333333335,0.16519348924485158,321,0.7166666666666667,0.5333333333333333,0.75,0.9166666666666667,0.45,0.43782820701599123,0.0015615463256835938
0.2,2.15443,0.9,20,0.7266666666666667,0.08981462390204985,156,0.8166666666666667,0.6166666666666667,0.8333333333333333,0.7333333333333334,0.6333333333333333,0.4401104927062988,0.0015635490417480469
0.2,2.15443,0.9,50,0.7866666666666666,0.08653836657164779,51,0.8166666666666667,0.9,0.7333333333333334,0.8333333333333333,0.65,0.44083452224731445,0.0016879558563232422
0.2,7.74264,0.1,5,0.55,0.1570562531918633,645,0.35,0.7333333333333334,0.5,0.7333333333333334,0.43333333333333335,0.3021440029144287,0.001555013656616211
0.2,7.74264,0.1,10,0.6866666666666668,0.12970050972229147,263,0.8,0.7166666666666667,0.75,0.7333333333333334,0.43333333333333335,0.30078558921813964,0.001558828353881836
0.2,7.74264,0.1,20,0.6733333333333333,0.13106402167558331,339,0.8166666666666667,0.5333333333333333,0.8333333333333333,0.65,0.5333333333333333,0.2988312244415283,0.0015561580657958984
0.2,7.74264,0.1,50,0.7866666666666667,0.03711842908553346,43,0.8166666666666667,0.8166666666666667,0.8166666666666667,0.75,0.7333333333333334,0.29857258796691893,0.0015718460083007813
0.2,7.74264,0.3,5,0.5466666666666666,0.12710450643291746,646,0.6,0.45,0.5833333333333334,0.7333333333333334,0.3666666666666667,0.48475470542907717,0.001565265655517578
0.2,7.74264,0.3,10,0.6733333333333335,0.13646326326972477,321,0.6166666666666667,0.8166666666666667,0.75,0.75,0.43333333333333335,0.4883103847503662,0.0015693187713623046
0.2,7.74264,0.3,20,0.6733333333333335,0.16076207402383325,321,0.8166666666666667,0.5333333333333333,0.8333333333333333,0.75,0.43333333333333335,0.489683198928833,0.0015733718872070312
0.2,7.74264,0.3,50,0.7466666666666666,0.0635959467611297,135,0.7166666666666667,0.8166666666666667,0.8166666666666667,0.65,0.7333333333333334,0.489481258392334,0.001567506790161133
0.2,7.74264,0.5,5,0.6833333333333333,0.08819171036881968,309,0.6,0.6333333333333333,0.8333333333333333,0.7333333333333334,0.6166666666666667,0.5776805877685547,0.0015608310699462891
0.2,7.74264,0.5,10,0.6933333333333334,0.10572501018102469,221,0.6166666666666667,0.7333333333333334,0.75,0.8333333333333333,0.5333333333333333,0.5668227672576904,0.0015674591064453124
0.2,7.74264,0.5,20,0.6766666666666666,0.08339997335464537,314,0.7166666666666667,0.5333333333333333,0.75,0.75,0.6333333333333333,0.5664283752441406,0.0015571117401123047
0.2,7.74264,0.5,50,0.7833333333333332,0.048304589153964766,65,0.7166666666666667,0.8166666666666667,0.8166666666666667,0.8333333333333333,0.7333333333333334,0.5656218528747559,0.0015660762786865235
0.2,7.74264,0.7,5,0.7000000000000001,0.13864422895390283,208,0.5,0.7333333333333334,0.9166666666666667,0.7333333333333334,0.6166666666666667,0.6037389755249023,0.0015546798706054688
0.2,7.74264,0.7,10,0.6766666666666665,0.10466878978738385,320,0.6166666666666667,0.65,0.75,0.8333333333333333,0.5333333333333333,0.6080175399780273,0.0015661239624023438
0.2,7.74264,0.7,20,0.6966666666666667,0.10077477638553983,213,0.8166666666666667,0.5333333333333333,0.75,0.75,0.6333333333333333,0.6077211380004883,0.001560354232788086
0.2,7.74264,0.7,50,0.7633333333333333,0.043969686527576365,108,0.7166666666666667,0.8166666666666667,0.8166666666666667,0.7333333333333334,0.7333333333333334,0.6068075656890869,0.0015604972839355468
0.2,7.74264,0.9,5,0.72,0.11323525167642022,169,0.6,0.7333333333333334,0.9166666666666667,0.7333333333333334,0.6166666666666667,0.6471220493316651,0.0015551090240478516
0.2,7.74264,0.9,10,0.6900000000000001,0.13021349989749742,251,0.6166666666666667,0.65,0.7333333333333334,0.9166666666666667,0.5333333333333333,0.6457115173339844,0.0015695571899414062
0.2,7.74264,0.9,20,0.7133333333333334,0.07630348761506396,173,0.8166666666666667,0.6166666666666667,0.75,0.75,0.6333333333333333,0.6448369503021241,0.0015704631805419922
0.2,7.74264,0.9,50,0.7266666666666668,0.06879922480183429,150,0.7166666666666667,0.6166666666666667,0.7333333333333334,0.8333333333333333,0.7333333333333334,0.645177173614502,0.0015712261199951171
0.2,27.8256,0.1,5,0.5566666666666668,0.152606975230128,634,0.35,0.7333333333333334,0.5,0.7333333333333334,0.4666666666666667,0.2978358745574951,0.0016168594360351563
0.2,27.8256,0.1,10,0.5966666666666667,0.16977108770995794,513,0.7166666666666667,0.35,0.75,0.7333333333333334,0.43333333333333335,0.298126220703125,0.0015555381774902343
0.2,27.8256,0.1,20,0.6733333333333333,0.10252370999486464,339,0.7333333333333334,0.6166666666666667,0.8333333333333333,0.65,0.5333333333333333,0.2976588249206543,0.0015727996826171875
0.2,27.8256,0.1,50,0.8033333333333335,0.10077477638553985,20,0.8166666666666667,0.9,0.9166666666666667,0.65,0.7333333333333334,0.2976246356964111,0.001550436019897461
0.2,27.8256,0.3,5,0.5366666666666667,0.16878651868229552,673,0.35,0.7333333333333334,0.5,0.7333333333333334,0.3666666666666667,0.4184601306915283,0.001685762405395508
0.2,27.8256,0.3,10,0.6866666666666668,0.12970050972229147,263,0.8,0.7166666666666667,0.75,0.7333333333333334,0.43333333333333335,0.41932244300842286,0.0015870094299316405
0.2,27.8256,0.3,20,0.6933333333333332,0.11479450238481707,243,0.8166666666666667,0.6333333333333333,0.8333333333333333,0.65,0.5333333333333333,0.41748456954956054,0.001565694808959961
0.2,27.8256,0.3,50,0.7866666666666667,0.03711842908553346,43,0.8166666666666667,0.8166666666666667,0.8166666666666667,0.75,0.7333333333333334,0.4182760715484619,0.0015815258026123046
0.2,27.8256,0.5,5,0.48,0.13800161029656305,799,0.35,0.45,0.5,0.7333333333333334,0.3666666666666667,0.578897762298584,0.0016474723815917969
0.2,27.8256,0.5,10,0.6733333333333332,0.13767917618708922,349,0.8,0.8166666666666667,0.6666666666666666,0.65,0.43333333333333335,0.5789007663726806,0.0015633106231689453
0.2,27.8256,0.5,20,0.6733333333333335,0.16076207402383325,321,0.8166666666666667,0.5333333333333333,0.8333333333333333,0.75,0.43333333333333335,0.5795994281768799,0.0015717029571533203
0.2,27.8256,0.5,50,0.7866666666666667,0.03711842908553346,43,0.8166666666666667,0.8166666666666667,0.8166666666666667,0.75,0.7333333333333334,0.5789196491241455,0.0015628814697265625
0.2,27.8256,0.7,5,0.5666666666666667,0.10274023338281629,599,0.6,0.45,0.5833333333333334,0.7333333333333334,0.4666666666666667,0.6954149723052978,0.0015538692474365234
0.2,27.8256,0.7,10,0.6733333333333335,0.13646326326972477,321,0.6166666666666667,0.8166666666666667,0.75,0.75,0.43333333333333335,0.6954387187957763,0.0015625476837158204
0.2,27.8256,0.7,20,0.6733333333333335,0.16076207402383325,321,0.8166666666666667,0.5333333333333333,0.8333333333333333,0.75,0.43333333333333335,0.6970783710479737,0.001567697525024414
0.2,27.8256,0.7,50,0.7866666666666666,0.08969082698049141,51,0.8166666666666667,0.8166666666666667,0.9166666666666667,0.65,0.7333333333333334,0.6948534488677979,0.001565408706665039
0.2,27.8256,0.9,5,0.6166666666666667,0.14907119849998596,487,0.6,0.45,0.8333333333333333,0.7333333333333334,0.4666666666666667,0.7902956485748291,0.0015666961669921875
0.2,27.8256,0.9,10,0.71,0.1167142760000773,186,0.6166666666666667,0.8166666666666667,0.8333333333333333,0.75,0.5333333333333333,0.7885032653808594,0.0015718460083007813
0.2,27.8256,0.9,20,0.6733333333333333,0.05120763831912405,339,0.7166666666666667,0.6166666666666667,0.65,0.75,0.6333333333333333,0.788476037979126,0.0015650272369384765
0.2,27.8256,0.9,50,0.7833333333333332,0.048304589153964766,65,0.7166666666666667,0.8166666666666667,0.8166666666666667,0.8333333333333333,0.7333333333333334,0.7896782398223877,0.0015667915344238282
0.2,100.0,0.1,5,0.5566666666666668,0.152606975230128,634,0.35,0.7333333333333334,0.5,0.7333333333333334,0.4666666666666667,0.36522731781005857,0.001562356948852539
0.2,100.0,0.1,10,0.5966666666666667,0.16977108770995794,513,0.7166666666666667,0.35,0.75,0.7333333333333334,0.43333333333333335,0.36835675239562987,0.0015665054321289062
0.2,100.0,0.1,20,0.69,0.1167142760000773,256,0.8166666666666667,0.6166666666666667,0.8333333333333333,0.65,0.5333333333333333,0.3652029514312744,0.0015601634979248047
0.2,100.0,0.1,50,0.8033333333333335,0.10077477638553985,20,0.8166666666666667,0.9,0.9166666666666667,0.65,0.7333333333333334,0.36477055549621584,0.0015675544738769532
0.2,100.0,0.3,5,0.54,0.13605554421305704,669,0.35,0.7333333333333334,0.5,0.65,0.4666666666666667,0.3618328094482422,0.0015595436096191406
0.2,100.0,0.3,10,0.5966666666666667,0.16977108770995794,513,0.7166666666666667,0.35,0.75,0.7333333333333334,0.43333333333333335,0.361499547958374,0.001554250717163086
0.2,100.0,0.3,20,0.6733333333333333,0.10252370999486464,339,0.7333333333333334,0.6166666666666667,0.8333333333333333,0.65,0.5333333333333333,0.36192917823791504,0.0016860485076904297
0.2,100.0,0.3,50,0.8033333333333335,0.10077477638553985,20,0.8166666666666667,0.9,0.9166666666666667,0.65,0.7333333333333334,0.36255249977111814,0.001580810546875
0.2,100.0,0.5,5,0.54,0.13605554421305704,669,0.35,0.7333333333333334,0.5,0.65,0.4666666666666667,0.3805247783660889,0.0015641212463378905
0.2,100.0,0.5,10,0.6333333333333334,0.1269295517643985,465,0.7166666666666667,0.5333333333333333,0.75,0.7333333333333334,0.43333333333333335,0.38062658309936526,0.001563692092895508
0.2,100.0,0.5,20,0.6733333333333333,0.10252370999486464,339,0.7333333333333334,0.6166666666666667,0.8333333333333333,0.65,0.5333333333333333,0.3822640895843506,0.0016016960144042969
0.2,100.0,0.5,50,0.8033333333333335,0.10077477638553985,20,0.8166666666666667,0.9,0.9166666666666667,0.65,0.7333333333333334,0.3804007053375244,0.0015709400177001953
0.2,100.0,0.7,5,0.5566666666666668,0.152606975230128,634,0.35,0.7333333333333334,0.5,0.7333333333333334,0.4666666666666667,0.4178791522979736,0.00155792236328125
0.2,100.0,0.7,10,0.6700000000000002,0.11897712198383165,352,0.7166666666666667,0.7166666666666667,0.75,0.7333333333333334,0.43333333333333335,0.41825575828552247,0.0015646457672119141
0.2,100.0,0.7,20,0.69,0.1167142760000773,256,0.8166666666666667,0.6166666666666667,0.8333333333333333,0.65,0.5333333333333333,0.41809873580932616,0.0015572547912597657
0.2,100.0,0.7,50,0.8233333333333335,0.07498147919467996,1,0.8166666666666667,0.9,0.9166666666666667,0.75,0.7333333333333334,0.4167916774749756,0.001559877395629883
0.2,100.0,0.9,5,0.5566666666666668,0.152606975230128,634,0.35,0.7333333333333334,0.5,0.7333333333333334,0.4666666666666667,0.46791486740112304,0.0015633106231689453
0.2,100.0,0.9,10,0.6866666666666668,0.12970050972229147,263,0.8,0.7166666666666667,0.75,0.7333333333333334,0.43333333333333335,0.4685985565185547,0.0015786170959472656
0.2,100.0,0.9,20,0.69,0.1167142760000773,256,0.8166666666666667,0.6166666666666667,0.8333333333333333,0.65,0.5333333333333333,0.46898984909057617,0.0015614032745361328
0.2,100.0,0.9,50,0.7866666666666667,0.03711842908553346,43,0.8166666666666667,0.8166666666666667,0.8166666666666667,0.75,0.7333333333333334,0.46926350593566896,0.0015920162200927734
0.5,0.001,0.1,5,0.5033333333333333,0.006666666666666687,734,0.5166666666666667,0.5,0.5,0.5,0.5,0.00327916145324707,0.0014404296875
0.5,0.001,0.1,10,0.4833333333333334,0.027888667551135858,751,0.5166666666666667,0.48333333333333334,0.5,0.48333333333333334,0.43333333333333335,0.0032013416290283202,0.0013985157012939454
0.5,0.001,0.1,20,0.4833333333333333,0.07226494462892934,767,0.35,0.48333333333333334,0.5,0.5666666666666667,0.5166666666666667,0.003229665756225586,0.0013878345489501953
0.5,0.001,0.1,50,0.5733333333333334,0.07717224601860151,581,0.6166666666666667,0.55,0.43333333333333335,0.65,0.6166666666666667,0.0032861709594726564,0.0013912677764892577
0.5,0.001,0.3,5,0.5033333333333333,0.006666666666666687,734,0.5166666666666667,0.5,0.5,0.5,0.5,0.003261280059814453,0.0013862133026123046
0.5,0.001,0.3,10,0.4833333333333334,0.027888667551135858,751,0.5166666666666667,0.48333333333333334,0.5,0.48333333333333334,0.43333333333333335,0.0032263755798339843,0.0013846874237060547
0.5,0.001,0.3,20,0.4833333333333333,0.07226494462892934,767,0.35,0.48333333333333334,0.5,0.5666666666666667,0.5166666666666667,0.003238487243652344,0.0013781547546386718
0.5,0.001,0.3,50,0.5733333333333334,0.07717224601860151,581,0.6166666666666667,0.55,0.43333333333333335,0.65,0.6166666666666667,0.003305387496948242,0.0014016151428222657
0.5,0.001,0.5,5,0.5033333333333333,0.006666666666666687,734,0.5166666666666667,0.5,0.5,0.5,0.5,0.0032436370849609373,0.001390218734741211
0.5,0.001,0.5,10,0.4833333333333334,0.027888667551135858,751,0.5166666666666667,0.48333333333333334,0.5,0.48333333333333334,0.43333333333333335,0.0032173633575439454,0.0013874053955078125
0.5,0.001,0.5,20,0.4833333333333333,0.07226494462892934,767,0.35,0.48333333333333334,0.5,0.5666666666666667,0.5166666666666667,0.0032441139221191405,0.0013775825500488281
0.5,0.001,0.5,50,0.5733333333333334,0.07717224601860151,581,0.6166666666666667,0.55,0.43333333333333335,0.65,0.6166666666666667,0.003269052505493164,0.0014014720916748046
0.5,0.001,0.7,5,0.5033333333333333,0.006666666666666687,734,0.5166666666666667,0.5,0.5,0.5,0.5,0.0032861709594726564,0.0013811588287353516
0.5,0.001,0.7,10,0.4833333333333334,0.027888667551135858,751,0.5166666666666667,0.48333333333333334,0.5,0.48333333333333334,0.43333333333333335,0.0031599998474121094,0.0013586997985839844
0.5,0.001,0.7,20,0.4833333333333333,0.07226494462892934,767,0.35,0.48333333333333334,0.5,0.5666666666666667,0.5166666666666667,0.003231191635131836,0.0013855934143066407
0.5,0.001,0.7,50,0.5733333333333334,0.07717224601860151,581,0.6166666666666667,0.55,0.43333333333333335,0.65,0.6166666666666667,0.0033582210540771484,0.0014031410217285156
0.5,0.001,0.9,5,0.5033333333333333,0.006666666666666687,734,0.5166666666666667,0.5,0.5,0.5,0.5,0.0032047748565673826,0.00138702392578125
0.5,0.001,0.9,10,0.4833333333333334,0.027888667551135858,751,0.5166666666666667,0.48333333333333334,0.5,0.48333333333333334,0.43333333333333335,0.003211307525634766,0.0013823986053466796
0.5,0.001,0.9,20,0.4833333333333333,0.07226494462892934,767,0.35,0.48333333333333334,0.5,0.5666666666666667,0.5166666666666667,0.0032314777374267576,0.0014004230499267579
0.5,0.001,0.9,50,0.5733333333333334,0.07717224601860151,581,0.6166666666666667,0.55,0.43333333333333335,0.65,0.6166666666666667,0.0033407688140869142,0.001386404037475586
0.5,0.00359381,0.1,5,0.5033333333333333,0.006666666666666687,734,0.5166666666666667,0.5,0.5,0.5,0.5,0.00402216911315918,0.0013863563537597657
0.5,0.00359381,0.1,10,0.4833333333333334,0.027888667551135858,751,0.5166666666666667,0.48333333333333334,0.5,0.48333333333333334,0.43333333333333335,0.004022073745727539,0.0013846874237060547
0.5,0.00359381,0.1,20,0.4833333333333333,0.07226494462892934,767,0.35,0.48333333333333334,0.5,0.5666666666666667,0.5166666666666667,0.004060125350952149,0.001392221450805664
0.5,0.00359381,0.1,50,0.5733333333333334,0.07717224601860151,581,0.6166666666666667,0.55,0.43333333333333335,0.65,0.6166666666666667,0.004134702682495117,0.001382923126220703
0.5,0.00359381,0.3,5,0.5033333333333333,0.006666666666666687,734,0.5166666666666667,0.5,0.5,0.5,0.5,0.0032168865203857423,0.0013713359832763672
0.5,0.00359381,0.3,10,0.4833333333333334,0.027888667551135858,751,0.5166666666666667,0.48333333333333334,0.5,0.48333333333333334,0.43333333333333335,0.003221559524536133,0.0013742446899414062
0.5,0.00359381,0.3,20,0.4833333333333333,0.07226494462892934,767,0.35,0.48333333333333334,0.5,0.5666666666666667,0.5166666666666667,0.003247690200805664,0.0013877391815185548
0.5,0.00359381,0.3,50,0.5733333333333334,0.07717224601860151,581,0.6166666666666667,0.55,0.43333333333333335,0.65,0.6166666666666667,0.00333552360534668,0.001390838623046875
0.5,0.00359381,0.5,5,0.5033333333333333,0.006666666666666687,734,0.5166666666666667,0.5,0.5,0.5,0.5,0.0031961917877197264,0.001387310028076172
0.5,0.00359381,0.5,10,0.4833333333333334,0.027888667551135858,751,0.5166666666666667,0.48333333333333334,0.5,0.48333333333333334,0.43333333333333335,0.0032268047332763674,0.0013875007629394532
0.5,0.00359381,0.5,20,0.4833333333333333,0.07226494462892934,767,0.35,0.48333333333333334,0.5,0.5666666666666667,0.5166666666666667,0.0032802104949951174,0.0013921737670898437
0.5,0.00359381,0.5,50,0.5733333333333334,0.07717224601860151,581,0.6166666666666667,0.55,0.43333333333333335,0.65,0.6166666666666667,0.0032665252685546873,0.0013896942138671875
0.5,0.00359381,0.7,5,0.5033333333333333,0.006666666666666687,734,0.5166666666666667,0.5,0.5,0.5,0.5,0.0032083988189697266,0.0013889789581298829
0.5,0.00359381,0.7,10,0.4833333333333334,0.027888667551135858,751,0.5166666666666667,0.48333333333333334,0.5,0.48333333333333334,0.43333333333333335,0.0031917572021484377,0.0013962268829345703
0.5,0.00359381,0.7,20,0.4833333333333333,0.07226494462892934,767,0.35,0.48333333333333334,0.5,0.5666666666666667,0.5166666666666667,0.003255271911621094,0.0013792991638183593
0.5,0.00359381,0.7,50,0.5733333333333334,0.07717224601860151,581,0.6166666666666667,0.55,0.43333333333333335,0.65,0.6166666666666667,0.0032670021057128905,0.0014034271240234374
0.5,0.00359381,0.9,5,0.5033333333333333,0.006666666666666687,734,0.5166666666666667,0.5,0.5,0.5,0.5,0.003229236602783203,0.0013768672943115234
0.5,0.00359381,0.9,10,0.4833333333333334,0.027888667551135858,751,0.5166666666666667,0.48333333333333334,0.5,0.48333333333333334,0.43333333333333335,0.003237199783325195,0.0013921260833740234
0.5,0.00359381,0.9,20,0.4833333333333333,0.07226494462892934,767,0.35,0.48333333333333334,0.5,0.5666666666666667,0.5166666666666667,0.0032606601715087892,0.0013783931732177734
0.5,0.00359381,0.9,50,0.5733333333333334,0.07717224601860151,581,0.6166666666666667,0.55,0.43333333333333335,0.65,0.6166666666666667,0.0032561779022216796,0.001399993896484375
0.5,0.0129155,0.1,5,0.5633333333333334,0.16377491328717664,603,0.65,0.26666666666666666,0.5166666666666667,0.7333333333333334,0.65,0.011658763885498047,0.001459646224975586
0.5,0.0129155,0.1,10,0.6166666666666666,0.13703203194062977,491,0.8166666666666667,0.45,0.5166666666666667,0.5666666666666667,0.7333333333333334,0.011658048629760743,0.0013880252838134766
0.5,0.0129155,0.1,20,0.6733333333333335,0.10677078252031312,321,0.8166666666666667,0.5333333333333333,0.7166666666666667,0.5666666666666667,0.7333333333333334,0.011739206314086915,0.0014007091522216797
0.5,0.0129155,0.1,50,0.75,0.0674948557710553,122,0.8166666666666667,0.6333333333333333,0.8166666666666667,0.75,0.7333333333333334,0.011748027801513673,0.001403665542602539
0.5,0.0129155,0.3,5,0.5033333333333333,0.006666666666666687,734,0.5166666666666667,0.5,0.5,0.5,0.5,0.00410165786743164,0.001386260986328125
0.5,0.0129155,0.3,10,0.4833333333333334,0.027888667551135858,751,0.5166666666666667,0.48333333333333334,0.5,0.48333333333333334,0.43333333333333335,0.0041029930114746095,0.001388692855834961
0.5,0.0129155,0.3,20,0.4833333333333333,0.07226494462892934,767,0.35,0.48333333333333334,0.5,0.5666666666666667,0.5166666666666667,0.004136323928833008,0.0013984203338623046
0.5,0.0129155,0.3,50,0.5733333333333334,0.07717224601860151,581,0.6166666666666667,0.55,0.43333333333333335,0.65,0.6166666666666667,0.00422358512878418,0.001404142379760742
0.5,0.0129155,0.5,5,0.5033333333333333,0.006666666666666687,734,0.5166666666666667,0.5,0.5,0.5,0.5,0.0036611557006835938,0.0013922691345214845
0.5,0.0129155,0.5,10,0.4833333333333334,0.027888667551135858,751,0.5166666666666667,0.48333333333333334,0.5,0.48333333333333334,0.43333333333333335,0.0036734580993652345,0.0013835430145263672
0.5,0.0129155,0.5,20,0.4833333333333333,0.07226494462892934,767,0.35,0.48333333333333334,0.5,0.5666666666666667,0.5166666666666667,0.003727436065673828,0.0014034271240234374
0.5,0.0129155,0.5,50,0.5733333333333334,0.07717224601860151,581,0.6166666666666667,0.55,0.43333333333333335,0.65,0.6166666666666667,0.0037160873413085937,0.001396036148071289
0.5,0.0129155,0.7,5,0.5033333333333333,0.006666666666666687,734,0.5166666666666667,0.5,0.5,0.5,0.5,0.003683805465698242,0.0013847827911376953
0.5,0.0129155,0.7,10,0.4833333333333334,0.027888667551135858,751,0.5166666666666667,0.48333333333333334,0.5,0.48333333333333334,0.43333333333333335,0.0036571502685546877,0.0013874530792236327
0.5,0.0129155,0.7,20,0.4833333333333333,0.07226494462892934,767,0.35,0.48333333333333334,0.5,0.5666666666666667,0.5166666666666667,0.0037384510040283205,0.0013916969299316406
0.5,0.0129155,0.7,50,0.5733333333333334,0.07717224601860151,581,0.6166666666666667,0.55,0.43333333333333335,0.65,0.6166666666666667,0.003709268569946289,0.0014008045196533202
0.5,0.0129155,0.9,5,0.5033333333333333,0.006666666666666687,734,0.5166666666666667,0.5,0.5,0.5,0.5,0.003296566009521484,0.001381063461303711
0.5,0.0129155,0.9,10,0.4833333333333334,0.027888667551135858,751,0.5166666666666667,0.48333333333333334,0.5,0.48333333333333334,0.43333333333333335,0.0033353328704833984,0.001453733444213867
0.5,0.0129155,0.9,20,0.4833333333333333,0.07226494462892934,767,0.35,0.48333333333333334,0.5,0.5666666666666667,0.5166666666666667,0.003323793411254883,0.0013831138610839843
0.5,0.0129155,0.9,50,0.5733333333333334,0.07717224601860151,581,0.6166666666666667,0.55,0.43333333333333335,0.65,0.6166666666666667,0.003326606750488281,0.001401519775390625
0.5,0.0464159,0.1,5,0.63,0.1305543735171076,477,0.8,0.45,0.65,0.7333333333333334,0.5166666666666667,0.022075414657592773,0.0014755725860595703
0.5,0.0464159,0.1,10,0.64,0.1638427430325934,454,0.8166666666666667,0.45,0.75,0.75,0.43333333333333335,0.022116851806640626,0.0013890743255615234
0.5,0.0464159,0.1,20,0.7066666666666667,0.07423685817106696,199,0.7166666666666667,0.6166666666666667,0.6333333333333333,0.75,0.8166666666666667,0.022115087509155272,0.001387166976928711
0.5,0.0464159,0.1,50,0.8233333333333335,0.05333333333333336,1,0.8166666666666667,0.8166666666666667,0.8166666666666667,0.9166666666666667,0.75,0.02216653823852539,0.001397418975830078
0.5,0.0464159,0.3,5,0.5266666666666666,0.1818424226264781,710,0.7166666666666667,0.26666666666666666,0.35,0.65,0.65,0.022245502471923827,0.0013857841491699218
0.5,0.0464159,0.3,10,0.6966666666666667,0.11372481406154653,213,0.8166666666666667,0.5333333333333333,0.8333333333333333,0.6666666666666666,0.6333333333333333,0.02225642204284668,0.0013927936553955079
0.5,0.0464159,0.3,20,0.75,0.0674948557710553,122,0.8166666666666667,0.8166666666666667,0.7333333333333334,0.75,0.6333333333333333,0.022348308563232423,0.001399850845336914
0.5,0.0464159,0.3,50,0.7533333333333333,0.03399346342395189,115,0.8166666666666667,0.7166666666666667,0.7333333333333334,0.75,0.75,0.022355937957763673,0.0013951301574707032
0.5,0.0464159,0.5,5,0.5266666666666667,0.05228129047119375,709,0.55,0.5,0.6166666666666667,0.5,0.4666666666666667,0.013341808319091797,0.0013927459716796876
0.5,0.0464159,0.5,10,0.52,0.05617433182117573,716,0.55,0.48333333333333334,0.6166666666666667,0.48333333333333334,0.4666666666666667,0.013371515274047851,0.0013933181762695312
0.5,0.0464159,0.5,20,0.5566666666666666,0.08856886837057615,643,0.55,0.48333333333333334,0.7166666666666667,0.5666666666666667,0.4666666666666667,0.013398027420043946,0.0013903141021728515
0.5,0.0464159,0.5,50,0.7200000000000001,0.13432961119739922,168,0.65,0.55,0.9166666666666667,0.65,0.8333333333333333,0.013454294204711914,0.0014008045196533202
0.5,0.0464159,0.7,5,0.5033333333333333,0.006666666666666687,734,0.5166666666666667,0.5,0.5,0.5,0.5,0.004144430160522461,0.001393270492553711
0.5,0.0464159,0.7,10,0.4833333333333334,0.027888667551135858,751,0.5166666666666667,0.48333333333333334,0.5,0.48333333333333334,0.43333333333333335,0.0041577816009521484,0.001386117935180664
0.5,0.0464159,0.7,20,0.4833333333333333,0.07226494462892934,767,0.35,0.48333333333333334,0.5,0.5666666666666667,0.5166666666666667,0.0042377948760986325,0.0013887882232666016
0.5,0.0464159,0.7,50,0.5733333333333334,0.07717224601860151,581,0.6166666666666667,0.55,0.43333333333333335,0.65,0.6166666666666667,0.0042098045349121095,0.0013885498046875
0.5,0.0464159,0.9,5,0.5033333333333333,0.006666666666666687,734,0.5166666666666667,0.5,0.5,0.5,0.5,0.004102754592895508,0.00139617919921875
0.5,0.0464159,0.9,10,0.4833333333333334,0.027888667551135858,751,0.5166666666666667,0.48333333333333334,0.5,0.48333333333333334,0.43333333333333335,0.004173564910888672,0.0013880252838134766
0.5,0.0464159,0.9,20,0.4833333333333333,0.07226494462892934,767,0.35,0.48333333333333334,0.5,0.5666666666666667,0.5166666666666667,0.004106903076171875,0.0013855934143066407
0.5,0.0464159,0.9,50,0.5733333333333334,0.07717224601860151,581,0.6166666666666667,0.55,0.43333333333333335,0.65,0.6166666666666667,0.004174613952636718,0.0013792037963867188
0.5,0.16681,0.1,5,0.6666666666666666,0.08498365855987972,393,0.6,0.6333333333333333,0.8333333333333333,0.65,0.6166666666666667,0.051549530029296874,0.0014165401458740234
0.5,0.16681,0.1,10,0.6866666666666666,0.08969082698049136,308,0.6166666666666667,0.6166666666666667,0.8333333333333333,0.75,0.6166666666666667,0.0516169548034668,0.0014191150665283203
0.5,0.16681,0.1,20,0.7,0.09545214042184234,209,0.8166666666666667,0.55,0.75,0.75,0.6333333333333333,0.05162415504455566,0.0014327049255371093
0.5,0.16681,0.1,50,0.7699999999999999,0.04642796092394703,83,0.7166666666666667,0.7333333333333334,0.8166666666666667,0.75,0.8333333333333333,0.05160212516784668,0.0014587879180908204
0.5,0.16681,0.3,5,0.6533333333333334,0.09741092797468306,416,0.8,0.55,0.7333333333333334,0.5666666666666667,0.6166666666666667,0.05538921356201172,0.001459646224975586
0.5,0.16681,0.3,10,0.6333333333333334,0.1831817555204545,465,0.6166666666666667,0.45,0.75,0.9166666666666667,0.43333333333333335,0.055653953552246095,0.00146484375
0.5,0.16681,0.3,20,0.7333333333333333,0.053748384988656986,141,0.8166666666666667,0.7166666666666667,0.75,0.65,0.7333333333333334,0.05563721656799316,0.0014315605163574218
0.5,0.16681,0.3,50,0.7666666666666666,0.04830458915396475,101,0.7166666666666667,0.8166666666666667,0.7333333333333334,0.8333333333333333,0.7333333333333334,0.055641984939575194,0.001436758041381836
0.5,0.16681,0.5,5,0.5366666666666667,0.10187137859957417,673,0.7166666666666667,0.45,0.43333333333333335,0.5666666666666667,0.5166666666666667,0.06171774864196777,0.0014190673828125
0.5,0.16681,0.5,10,0.6166666666666666,0.17480147469502524,491,0.8166666666666667,0.45,0.55,0.8333333333333333,0.43333333333333335,0.06177525520324707,0.001425313949584961
0.5,0.16681,0.5,20,0.7533333333333333,0.07102425250887505,115,0.8166666666666667,0.6333333333333333,0.75,0.8333333333333333,0.7333333333333334,0.06181049346923828,0.0014298915863037109
0.5,0.16681,0.5,50,0.8066666666666666,0.03741657386773937,11,0.8166666666666667,0.8166666666666667,0.7333333333333334,0.8333333333333333,0.8333333333333333,0.06168694496154785,0.001493072509765625
0.5,0.16681,0.7,5,0.61,0.1167142760000773,506,0.7166666666666667,0.65,0.43333333333333335,0.7333333333333334,0.5166666666666667,0.0709998607635498,0.0014250755310058593
0.5,0.16681,0.7,10,0.6399999999999999,0.12978614889287857,455,0.8166666666666667,0.45,0.55,0.7333333333333334,0.65,0.07104954719543458,0.0014333724975585938
0.5,0.16681,0.7,20,0.7466666666666667,0.037118429085533464,128,0.8166666666666667,0.7166666666666667,0.7166666666666667,0.75,0.7333333333333334,0.07098183631896973,0.0014536857604980468
0.5,0.16681,0.7,50,0.7566666666666666,0.030912061651652323,114,0.8166666666666667,0.7333333333333334,0.7333333333333334,0.75,0.75,0.07097697257995605,0.0014450550079345703
0.5,0.16681,0.9,5,0.6033333333333333,0.12174654911833116,510,0.7166666666666667,0.4666666666666667,0.45,0.7333333333333334,0.65,0.07222261428833007,0.0015056610107421875
0.5,0.16681,0.9,10,0.6799999999999999,0.12927146286443542,310,0.7166666666666667,0.45,0.75,0.8333333333333333,0.65,0.07232499122619629,0.0014506816864013673
0.5,0.16681,0.9,20,0.7100000000000001,0.040276819911981926,181,0.7166666666666667,0.7166666666666667,0.7333333333333334,0.75,0.6333333333333333,0.07261953353881836,0.0014762401580810547
0.5,0.16681,0.9,50,0.7533333333333333,0.07102425250887505,115,0.8166666666666667,0.6333333333333333,0.7333333333333334,0.8333333333333333,0.75,0.07240757942199708,0.001486825942993164
0.5,0.599484,0.1,5,0.5966666666666667,0.08459051693633014,513,0.6,0.6333333333333333,0.5,0.7333333333333334,0.5166666666666667,0.12121882438659667,0.0015285015106201172
0.5,0.599484,0.1,10,0.7033333333333334,0.143913554299486,205,0.7,0.8166666666666667,0.8333333333333333,0.7333333333333334,0.43333333333333335,0.12135539054870606,0.0015059471130371093
0.5,0.599484,0.1,20,0.6566666666666666,0.1470449666674185,407,0.8166666666666667,0.5333333333333333,0.75,0.75,0.43333333333333335,0.12140398025512696,0.0014988899230957032
0.5,0.599484,0.1,50,0.77,0.03858612300930072,78,0.8166666666666667,0.7333333333333334,0.8166666666666667,0.75,0.7333333333333334,0.12097053527832032,0.0015012741088867188
0.5,0.599484,0.3,5,0.6699999999999999,0.10132456102380441,363,0.6,0.6333333333333333,0.8333333333333333,0.7333333333333334,0.55,0.1398259162902832,0.0015125274658203125
0.5,0.599484,0.3,10,0.6699999999999999,0.12489995996796796,363,0.8,0.6333333333333333,0.55,0.8333333333333333,0.5333333333333333,0.13986082077026368,0.0015148639678955079
0.5,0.599484,0.3,20,0.6966666666666667,0.10077477638553983,213,0.8166666666666667,0.5333333333333333,0.75,0.75,0.6333333333333333,0.1401534080505371,0.001516866683959961
0.5,0.599484,0.3,50,0.7666666666666666,0.04216370213557837,101,0.7166666666666667,0.8166666666666667,0.8166666666666667,0.75,0.7333333333333334,0.14156455993652345,0.0015744686126708985
0.5,0.599484,0.5,5,0.6466666666666667,0.13432961119739922,446,0.6,0.7333333333333334,0.6333333333333333,0.8333333333333333,0.43333333333333335,0.16429266929626465,0.0015484809875488282
0.5,0.599484,0.5,10,0.6533333333333333,0.16478942792411036,418,0.6166666666666667,0.45,0.75,0.9166666666666667,0.5333333333333333,0.16253247261047363,0.001528024673461914
0.5,0.599484,0.5,20,0.7100000000000001,0.07498147919467994,181,0.8166666666666667,0.6166666666666667,0.75,0.7333333333333334,0.6333333333333333,0.16284031867980958,0.001526212692260742
0.5,0.599484,0.5,50,0.8,0.06749485577105528,42,0.7166666666666667,0.9,0.7333333333333334,0.8333333333333333,0.8166666666666667,0.16235122680664063,0.001533365249633789
0.5,0.599484,0.7,5,0.6533333333333333,0.09626352718795764,418,0.6,0.65,0.55,0.8333333333333333,0.6333333333333333,0.17982726097106932,0.0015334129333496095
0.5,0.599484,0.7,10,0.6733333333333333,0.16519348924485158,339,0.7166666666666667,0.45,0.75,0.9166666666666667,0.5333333333333333,0.18098926544189453,0.001561880111694336
0.5,0.599484,0.7,20,0.7066666666666668,0.07348469228349534,196,0.8166666666666667,0.6166666666666667,0.7333333333333334,0.7333333333333334,0.6333333333333333,0.1800201416015625,0.0015425682067871094
0.5,0.599484,0.7,50,0.7299999999999999,0.10077477638553979,148,0.7166666666666667,0.8166666666666667,0.7333333333333334,0.8333333333333333,0.55,0.17981257438659667,0.0015241146087646485
0.5,0.599484,0.9,5,0.6333333333333333,0.12247448713915889,472,0.6,0.65,0.45,0.8333333333333333,0.6333333333333333,0.19803977012634277,0.001553487777709961
0.5,0.599484,0.9,10,0.67,0.16377491328717664,356,0.7166666666666667,0.45,0.7333333333333334,0.9166666666666667,0.5333333333333333,0.1983427047729492,0.0015454769134521484
0.5,0.599484,0.9,20,0.7066666666666668,0.07348469228349534,196,0.8166666666666667,0.6166666666666667,0.7333333333333334,0.7333333333333334,0.6333333333333333,0.19917058944702148,0.0015847206115722657
0.5,0.599484,0.9,50,0.7666666666666666,0.12064640713902569,101,0.8166666666666667,0.9,0.7333333333333334,0.8333333333333333,0.55,0.19889121055603026,0.0015663623809814454
0.5,2.15443,0.1,5,0.5266666666666666,0.10624918300339485,710,0.6,0.6333333333333333,0.5,0.5666666666666667,0.3333333333333333,0.2349088668823242,0.00155181884765625
0.5,2.15443,0.1,10,0.6699999999999999,0.12840906856172146,363,0.7,0.8166666666666667,0.6666666666666666,0.7333333333333334,0.43333333333333335,0.2347419261932373,0.0015537738800048828
0.5,2.15443,0.1,20,0.6733333333333335,0.16076207402383325,321,0.8166666666666667,0.5333333333333333,0.8333333333333333,0.75,0.43333333333333335,0.23510236740112306,0.0015516281127929688
0.5,2.15443,0.1,50,0.73,0.0784573486395988,144,0.8166666666666667,0.7333333333333334,0.8166666666666667,0.65,0.6333333333333333,0.23543100357055663,0.0015765190124511718
0.5,2.15443,0.3,5,0.6433333333333333,0.13968217893171309,450,0.6,0.6333333333333333,0.8333333333333333,0.7333333333333334,0.4166666666666667,0.3045691967010498,0.0016809940338134766
0.5,2.15443,0.3,10,0.7033333333333334,0.143913554299486,205,0.7,0.8166666666666667,0.8333333333333333,0.7333333333333334,0.43333333333333335,0.3030112266540527,0.0015563488006591797
0.5,2.15443,0.3,20,0.6733333333333333,0.08069145624606805,339,0.7166666666666667,0.5333333333333333,0.7333333333333334,0.75,0.6333333333333333,0.30288243293762207,0.0015676498413085937
0.5,2.15443,0.3,50,0.7466666666666667,0.06782329983125268,128,0.8166666666666667,0.8166666666666667,0.7333333333333334,0.7333333333333334,0.6333333333333333,0.30260615348815917,0.0015734195709228515
0.5,2.15443,0.5,5,0.6633333333333333,0.14391355429948602,399,0.6,0.7333333333333334,0.8333333333333333,0.7333333333333334,0.4166666666666667,0.332534646987915,0.001567983627319336
0.5,2.15443,0.5,10,0.6366666666666666,0.08393118874676113,463,0.7,0.55,0.65,0.75,0.5333333333333333,0.3327641487121582,0.0015688896179199218
0.5,2.15443,0.5,20,0.6799999999999999,0.12927146286443544,310,0.8166666666666667,0.45,0.75,0.75,0.6333333333333333,0.332041597366333,0.0015564441680908203
0.5,2.15443,0.5,50,0.7799999999999999,0.0452155332208351,77,0.7166666666666667,0.8166666666666667,0.8166666666666667,0.7333333333333334,0.8166666666666667,0.33222393989562987,0.0015746593475341798
0.5,2.15443,0.7,5,0.5900000000000001,0.10198039027185571,518,0.6,0.65,0.5333333333333333,0.7333333333333334,0.43333333333333335,0.3817342758178711,0.0015697479248046875
0.5,2.15443,0.7,10,0.6166666666666666,0.12866839377079187,491,0.6166666666666667,0.45,0.65,0.8333333333333333,0.5333333333333333,0.3816695213317871,0.001625204086303711
0.5,2.15443,0.7,20,0.6933333333333334,0.09921917377424813,221,0.8166666666666667,0.5333333333333333,0.75,0.7333333333333334,0.6333333333333333,0.3820340156555176,0.001566028594970703
0.5,2.15443,0.7,50,0.7699999999999999,0.0694422221866655,83,0.8166666666666667,0.65,0.8166666666666667,0.8333333333333333,0.7333333333333334,0.3815765857696533,0.0015635490417480469
0.5,2.15443,0.9,5,0.6066666666666667,0.12762793146051096,509,0.6,0.65,0.5333333333333333,0.8166666666666667,0.43333333333333335,0.4309508800506592,0.0015628814697265625
0.5,2.15443,0.9,10,0.6333333333333333,0.1885618083164127,472,0.7166666666666667,0.5333333333333333,0.65,0.9166666666666667,0.35,0.43126964569091797,0.0016887187957763672
0.5,2.15443,0.9,20,0.7100000000000001,0.07498147919467994,181,0.8166666666666667,0.6166666666666667,0.75,0.7333333333333334,0.6333333333333333,0.4315709114074707,0.0015625953674316406
0.5,2.15443,0.9,50,0.7833333333333333,0.0752772652709081,59,0.8166666666666667,0.8166666666666667,0.8166666666666667,0.8333333333333333,0.6333333333333333,0.43074769973754884,0.001565837860107422
0.5,7.74264,0.1,5,0.5833333333333334,0.18012341448141728,535,0.35,0.7333333333333334,0.8333333333333333,0.5666666666666667,0.43333333333333335,0.2975343704223633,0.001569366455078125
0.5,7.74264,0.1,10,0.6666666666666666,0.11785113019775792,393,0.7,0.7166666666666667,0.75,0.7333333333333334,0.43333333333333335,0.2977747440338135,0.0015637874603271484
0.5,7.74264,0.1,20,0.6333333333333332,0.13944333775567924,476,0.7166666666666667,0.5333333333333333,0.8333333333333333,0.65,0.43333333333333335,0.2983222484588623,0.0015650749206542968
0.5,7.74264,0.1,50,0.73,0.0784573486395988,144,0.8166666666666667,0.7333333333333334,0.8166666666666667,0.65,0.6333333333333333,0.2979404449462891,0.001561737060546875
0.5,7.74264,0.3,5,0.5433333333333333,0.13063945294843618,668,0.6,0.55,0.5,0.7333333333333334,0.3333333333333333,0.4813256740570068,0.0015592575073242188
0.5,7.74264,0.3,10,0.6733333333333332,0.1302134998974974,349,0.7,0.8166666666666667,0.6666666666666666,0.75,0.43333333333333335,0.48056907653808595,0.0015631675720214843
0.5,7.74264,0.3,20,0.6933333333333334,0.1477986618493024,221,0.8166666666666667,0.6333333333333333,0.8333333333333333,0.75,0.43333333333333335,0.48320918083190917,0.0015871524810791016
0.5,7.74264,0.3,50,0.7466666666666667,0.08589399151150083,128,0.8166666666666667,0.8166666666666667,0.8166666666666667,0.65,0.6333333333333333,0.4814888000488281,0.0015726089477539062
0.5,7.74264,0.5,5,0.6433333333333333,0.13968217893171309,450,0.6,0.6333333333333333,0.8333333333333333,0.7333333333333334,0.4166666666666667,0.569513988494873,0.0015630722045898438
0.5,7.74264,0.5,10,0.7066666666666667,0.14476033833738974,199,0.7,0.8166666666666667,0.8333333333333333,0.75,0.43333333333333335,0.56832857131958,0.0015709400177001953
0.5,7.74264,0.5,20,0.6733333333333333,0.08069145624606805,339,0.7166666666666667,0.5333333333333333,0.7333333333333334,0.75,0.6333333333333333,0.5642894744873047,0.0015601634979248047
0.5,7.74264,0.5,50,0.8033333333333333,0.03559026084010433,32,0.8166666666666667,0.8166666666666667,0.8166666666666667,0.8333333333333333,0.7333333333333334,0.5675434589385986,0.0015613079071044923
0.5,7.74264,0.7,5,0.6433333333333333,0.12454361128179606,450,0.6,0.7333333333333334,0.7333333333333334,0.7333333333333334,0.4166666666666667,0.5999877452850342,0.001558542251586914
0.5,7.74264,0.7,10,0.6566666666666666,0.07195677714974301,407,0.7,0.65,0.65,0.75,0.5333333333333333,0.6031435489654541,0.001686859130859375
0.5,7.74264,0.7,20,0.6933333333333332,0.10252370999486464,243,0.7166666666666667,0.5333333333333333,0.8333333333333333,0.75,0.6333333333333333,0.6032797813415527,0.0016189098358154296
0.5,7.74264,0.7,50,0.7466666666666667,0.035590260840104346,128,0.7166666666666667,0.8166666666666667,0.7333333333333334,0.7333333333333334,0.7333333333333334,0.6049826145172119,0.0015732765197753907
0.5,7.74264,0.9,5,0.6433333333333333,0.12454361128179606,450,0.6,0.7333333333333334,0.7333333333333334,0.7333333333333334,0.4166666666666667,0.6447653293609619,0.0015698909759521485
0.5,7.74264,0.9,10,0.6566666666666666,0.07195677714974301,407,0.7,0.65,0.65,0.75,0.5333333333333333,0.645170259475708,0.0015645980834960937
0.5,7.74264,0.9,20,0.6799999999999999,0.12927146286443544,310,0.8166666666666667,0.45,0.75,0.75,0.6333333333333333,0.6452521324157715,0.0015707969665527343
0.5,7.74264,0.9,50,0.7833333333333332,0.048304589153964766,65,0.8166666666666667,0.7166666666666667,0.8166666666666667,0.8333333333333333,0.7333333333333334,0.6461744785308838,0.0015841007232666015
0.5,27.8256,0.1,5,0.6000000000000001,0.20736441353327723,511,0.35,0.7333333333333334,0.8333333333333333,0.7333333333333334,0.35,0.29722065925598146,0.0015699386596679688
0.5,27.8256,0.1,10,0.6166666666666668,0.14337208778404378,484,0.7166666666666667,0.45,0.75,0.7333333333333334,0.43333333333333335,0.29743051528930664,0.0015663623809814454
0.5,27.8256,0.1,20,0.6699999999999999,0.14659088951530677,363,0.8166666666666667,0.6166666666666667,0.8333333333333333,0.65,0.43333333333333335,0.2974696159362793,0.001566457748413086
0.5,27.8256,0.1,50,0.6933333333333332,0.09580071908799943,243,0.8166666666666667,0.7333333333333334,0.7333333333333334,0.65,0.5333333333333333,0.2980177402496338,0.0015671253204345703
0.5,27.8256,0.3,5,0.5633333333333334,0.20011108026404845,603,0.35,0.7333333333333334,0.8333333333333333,0.5666666666666667,0.3333333333333333,0.4184391975402832,0.0015713691711425782
0.5,27.8256,0.3,10,0.6666666666666666,0.11785113019775792,393,0.7,0.7166666666666667,0.75,0.7333333333333334,0.43333333333333335,0.4167818069458008,0.001567840576171875
0.5,27.8256,0.3,20,0.6533333333333333,0.13055437351710758,418,0.7166666666666667,0.6333333333333333,0.8333333333333333,0.65,0.43333333333333335,0.41764321327209475,0.0016378402709960938
0.5,27.8256,0.3,50,0.75,0.0674948557710553,122,0.8166666666666667,0.7333333333333334,0.8166666666666667,0.75,0.6333333333333333,0.4177077293395996,0.00157623291015625
0.5,27.8256,0.5,5,0.5266666666666666,0.18153665072253466,710,0.35,0.55,0.8333333333333333,0.5666666666666667,0.3333333333333333,0.5832507610321045,0.0015725135803222657
0.5,27.8256,0.5,10,0.6533333333333333,0.12445436468396312,418,0.7,0.8166666666666667,0.6666666666666666,0.65,0.43333333333333335,0.5789623260498047,0.0015647411346435547
0.5,27.8256,0.5,20,0.6933333333333334,0.1477986618493024,221,0.8166666666666667,0.6333333333333333,0.8333333333333333,0.75,0.43333333333333335,0.5797792434692383,0.00157928466796875
0.5,27.8256,0.5,50,0.7333333333333333,0.05868938953886337,141,0.8166666666666667,0.7333333333333334,0.7333333333333334,0.75,0.6333333333333333,0.5789237499237061,0.0015592575073242188
0.5,27.8256,0.7,5,0.5466666666666666,0.12534397117975446,646,0.6,0.55,0.5,0.7333333333333334,0.35,0.693901777267456,0.0015590667724609375
0.5,27.8256,0.7,10,0.6733333333333332,0.1302134998974974,349,0.7,0.8166666666666667,0.6666666666666666,0.75,0.43333333333333335,0.6953166961669922,0.0015573978424072265
0.5,27.8256,0.7,20,0.6933333333333334,0.1477986618493024,221,0.8166666666666667,0.6333333333333333,0.8333333333333333,0.75,0.43333333333333335,0.6954316616058349,0.0015774250030517578
0.5,27.8256,0.7,50,0.73,0.0784573486395988,144,0.8166666666666667,0.8166666666666667,0.7333333333333334,0.65,0.6333333333333333,0.6954258918762207,0.001680278778076172
0.5,27.8256,0.9,5,0.6133333333333334,0.16512621435334446,502,0.6,0.55,0.8333333333333333,0.7333333333333334,0.35,0.7874048233032227,0.0015958309173583984
0.5,27.8256,0.9,10,0.7266666666666666,0.10780641085864151,162,0.7,0.8166666666666667,0.8333333333333333,0.75,0.5333333333333333,0.7896893501281739,0.0015777587890625
0.5,27.8256,0.9,20,0.63,0.09030811456096045,477,0.7166666666666667,0.6166666666666667,0.5333333333333333,0.75,0.5333333333333333,0.7881484985351562,0.0016031265258789062
0.5,27.8256,0.9,50,0.7833333333333333,0.0752772652709081,59,0.8166666666666667,0.8166666666666667,0.8166666666666667,0.8333333333333333,0.6333333333333333,0.7889028072357178,0.0015762805938720702
0.5,100.0,0.1,5,0.6000000000000001,0.20736441353327723,511,0.35,0.7333333333333334,0.8333333333333333,0.7333333333333334,0.35,0.3668693542480469,0.0016485691070556641
0.5,100.0,0.1,10,0.6166666666666668,0.14337208778404378,484,0.7166666666666667,0.45,0.75,0.7333333333333334,0.43333333333333335,0.3652514457702637,0.0016182422637939452
0.5,100.0,0.1,20,0.6699999999999999,0.14659088951530677,363,0.8166666666666667,0.6166666666666667,0.8333333333333333,0.65,0.43333333333333335,0.3651923179626465,0.0015635967254638671
0.5,100.0,0.1,50,0.6933333333333332,0.09580071908799943,243,0.8166666666666667,0.7333333333333334,0.7333333333333334,0.65,0.5333333333333333,0.36449275016784666,0.0016254425048828126
0.5,100.0,0.3,5,0.5833333333333334,0.1991649232838621,535,0.35,0.7333333333333334,0.8333333333333333,0.65,0.35,0.3620638847351074,0.001584911346435547
0.5,100.0,0.3,10,0.6166666666666668,0.14337208778404378,484,0.7166666666666667,0.45,0.75,0.7333333333333334,0.43333333333333335,0.36202235221862794,0.001555013656616211
0.5,100.0,0.3,20,0.6699999999999999,0.14659088951530677,363,0.8166666666666667,0.6166666666666667,0.8333333333333333,0.65,0.43333333333333335,0.3615781307220459,0.0015660762786865235
0.5,100.0,0.3,50,0.6933333333333332,0.09580071908799943,243,0.8166666666666667,0.7333333333333334,0.7333333333333334,0.65,0.5333333333333333,0.3628534317016602,0.0015567779541015626
0.5,100.0,0.5,5,0.5833333333333334,0.1991649232838621,535,0.35,0.7333333333333334,0.8333333333333333,0.65,0.35,0.380344820022583,0.0015627384185791016
0.5,100.0,0.5,10,0.6333333333333334,0.1269295517643985,465,0.7166666666666667,0.5333333333333333,0.75,0.7333333333333334,0.43333333333333335,0.3808701515197754,0.0016088008880615235
0.5,100.0,0.5,20,0.6699999999999999,0.14659088951530677,363,0.8166666666666667,0.6166666666666667,0.8333333333333333,0.65,0.43333333333333335,0.38071913719177247,0.0015565872192382813
0.5,100.0,0.5,50,0.71,0.07039570693980957,186,0.8166666666666667,0.7333333333333334,0.7333333333333334,0.65,0.6166666666666667,0.3804455280303955,0.001567840576171875
0.5,100.0,0.7,5,0.5666666666666667,0.19635568633364187,599,0.35,0.7333333333333334,0.8333333333333333,0.5666666666666667,0.35,0.4155423164367676,0.0015788555145263671
0.5,100.0,0.7,10,0.6700000000000002,0.11897712198383165,352,0.7166666666666667,0.7166666666666667,0.75,0.7333333333333334,0.43333333333333335,0.4159480094909668,0.0015540599822998046
0.5,100.0,0.7,20,0.65,0.1312334645668635,434,0.7166666666666667,0.6166666666666667,0.8333333333333333,0.65,0.43333333333333335,0.4164571285247803,0.001674795150756836
0.5,100.0,0.7,50,0.6933333333333332,0.09580071908799943,243,0.8166666666666667,0.7333333333333334,0.7333333333333334,0.65,0.5333333333333333,0.41574897766113283,0.0015624046325683593
0.5,100.0,0.9,5,0.5666666666666667,0.19635568633364187,599,0.35,0.7333333333333334,0.8333333333333333,0.5666666666666667,0.35,0.46831531524658204,0.0015655040740966796
0.5,100.0,0.9,10,0.6666666666666666,0.11785113019775792,393,0.7,0.7166666666666667,0.75,0.7333333333333334,0.43333333333333335,0.4705091953277588,0.0015558242797851563
0.5,100.0,0.9,20,0.65,0.1312334645668635,434,0.7166666666666667,0.6166666666666667,0.8333333333333333,0.65,0.43333333333333335,0.47026958465576174,0.0015655040740966796
0.5,100.0,0.9,50,0.71,0.10780641085864152,186,0.8166666666666667,0.7333333333333334,0.8166666666666667,0.65,0.5333333333333333,0.4681551933288574,0.0015614032745361328
