param_clf__max_features,param_clf__min_samples_leaf,param_selector__C,param_selector__l1_ratio,param_selector__top_k,mean_test_score,std_test_score,rank_test_score,split0_test_score,split1_test_score,split2_test_score,split3_test_score,split4_test_score,mean_fit_time,mean_score_time
sqrt,1,0.001,0.1,5,0.63,0.11175369742826806,527,0.6333333333333333,0.8166666666666667,0.5333333333333333,0.6666666666666666,0.5,0.40046420097351076,0.016996002197265624
sqrt,1,0.001,0.1,10,0.6466666666666667,0.12710450643291743,439,0.8333333333333333,0.6166666666666667,0.5333333333333333,0.75,0.5,0.40340452194213866,0.017719459533691407
sqrt,1,0.001,0.1,20,0.49000000000000005,0.12,785,0.5666666666666667,0.55,0.26666666666666666,0.4666666666666667,0.6,0.4149289131164551,0.017499303817749022
sqrt,1,0.001,0.1,50,0.5566666666666666,0.05120763831912406,692,0.65,0.5333333333333333,0.5333333333333333,0.5666666666666667,0.5,0.41368923187255857,0.017133426666259766
sqrt,1,0.001,0.3,5,0.63,0.11175369742826806,527,0.6333333333333333,0.8166666666666667,0.5333333333333333,0.6666666666666666,0.5,0.4036674976348877,0.017398738861083986
sqrt,1,0.001,0.3,10,0.6466666666666667,0.12710450643291743,439,0.8333333333333333,0.6166666666666667,0.5333333333333333,0.75,0.5,0.40803728103637693,0.01748170852661133
sqrt,1,0.001,0.3,20,0.49000000000000005,0.12,785,0.5666666666666667,0.55,0.26666666666666666,0.4666666666666667,0.6,0.4229260444641113,0.017362642288208007
sqrt,1,0.001,0.3,50,0.5566666666666666,0.05120763831912406,692,0.65,0.5333333333333333,0.5333333333333333,0.5666666666666667,0.5,0.4164278984069824,0.017314958572387695
sqrt,1,0.001,0.5,5,0.63,0.11175369742826806,527,0.6333333333333333,0.8166666666666667,0.5333333333333333,0.6666666666666666,0.5,0.40361328125,0.017276859283447264
sqrt,1,0.001,0.5,10,0.6466666666666667,0.12710450643291743,439,0.8333333333333333,0.6166666666666667,0.5333333333333333,0.75,0.5,0.4031851768493652,0.01732926368713379
sqrt,1,0.001,0.5,20,0.49000000000000005,0.12,785,0.5666666666666667,0.55,0.26666666666666666,0.4666666666666667,0.6,0.40990681648254396,0.01753854751586914
sqrt,1,0.001,0.5,50,0.5566666666666666,0.05120763831912406,692,0.65,0.5333333333333333,0.5333333333333333,0.5666666666666667,0.5,0.41604905128479003,0.01747269630432129
sqrt,1,0.001,0.7,5,0.63,0.11175369742826806,527,0.6333333333333333,0.8166666666666667,0.5333333333333333,0.6666666666666666,0.5,0.40169239044189453,0.017500782012939455
sqrt,1,0.001,0.7,10,0.6466666666666667,0.12710450643291743,439,0.8333333333333333,0.6166666666666667,0.5333333333333333,0.75,0.5,0.4041074275970459,0.017368316650390625
sqrt,1,0.001,0.7,20,0.49000000000000005,0.12,785,0.5666666666666667,0.55,0.26666666666666666,0.4666666666666667,0.6,0.41093244552612307,0.01744561195373535
sqrt,1,0.001,0.7,50,0.5566666666666666,0.05120763831912406,692,0.65,0.5333333333333333,0.5333333333333333,0.5666666666666667,0.5,0.41497073173522947,0.01744985580444336
sqrt,1,0.001,0.9,5,0.63,0.11175369742826806,527,0.6333333333333333,0.8166666666666667,0.5333333333333333,0.6666666666666666,0.5,0.4025267601013184,0.017388916015625
sqrt,1,0.001,0.9,10,0.6466666666666667,0.12710450643291743,439,0.8333333333333333,0.6166666666666667,0.5333333333333333,0.75,0.5,0.40430450439453125,0.017235612869262694
sqrt,1,0.001,0.9,20,0.49000000000000005,0.12,785,0.5666666666666667,0.55,0.26666666666666666,0.4666666666666667,0.6,0.4103978633880615,0.01735343933105469
sqrt,1,0.001,0.9,50,0.5566666666666666,0.05120763831912406,692,0.65,0.5333333333333333,0.5333333333333333,0.5666666666666667,0.5,0.41542973518371584,0.01744556427001953
sqrt,1,0.00359381,0.1,5,0.63,0.11175369742826806,527,0.6333333333333333,0.8166666666666667,0.5333333333333333,0.6666666666666666,0.5,0.40128130912780763,0.01705470085144043
sqrt,1,0.00359381,0.1,10,0.6466666666666667,0.12710450643291743,439,0.8333333333333333,0.6166666666666667,0.5333333333333333,0.75,0.5,0.40500764846801757,0.017497491836547852
sqrt,1,0.00359381,0.1,20,0.49000000000000005,0.12,785,0.5666666666666667,0.55,0.26666666666666666,0.4666666666666667,0.6,0.4100374698638916,0.017266464233398438
sqrt,1,0.00359381,0.1,50,0.5566666666666666,0.05120763831912406,692,0.65,0.5333333333333333,0.5333333333333333,0.5666666666666667,0.5,0.4161421775817871,0.01729445457458496
sqrt,1,0.00359381,0.3,5,0.63,0.11175369742826806,527,0.6333333333333333,0.8166666666666667,0.5333333333333333,0.6666666666666666,0.5,0.4054530620574951,0.017313194274902344
sqrt,1,0.00359381,0.3,10,0.6466666666666667,0.12710450643291743,439,0.8333333333333333,0.6166666666666667,0.5333333333333333,0.75,0.5,0.4041886329650879,0.017327880859375
sqrt,1,0.00359381,0.3,20,0.49000000000000005,0.12,785,0.5666666666666667,0.55,0.26666666666666666,0.4666666666666667,0.6,0.41095986366271975,0.017257070541381835
sqrt,1,0.00359381,0.3,50,0.5566666666666666,0.05120763831912406,692,0.65,0.5333333333333333,0.5333333333333333,0.5666666666666667,0.5,0.41292552947998046,0.01739802360534668
sqrt,1,0.00359381,0.5,5,0.63,0.11175369742826806,527,0.6333333333333333,0.8166666666666667,0.5333333333333333,0.6666666666666666,0.5,0.39893221855163574,0.017260074615478516
sqrt,1,0.00359381,0.5,10,0.6466666666666667,0.12710450643291743,439,0.8333333333333333,0.6166666666666667,0.5333333333333333,0.75,0.5,0.4031515598297119,0.01732473373413086
sqrt,1,0.00359381,0.5,20,0.49000000000000005,0.12,785,0.5666666666666667,0.55,0.26666666666666666,0.4666666666666667,0.6,0.4087653636932373,0.017122793197631835
sqrt,1,0.00359381,0.5,50,0.5566666666666666,0.05120763831912406,692,0.65,0.5333333333333333,0.5333333333333333,0.5666666666666667,0.5,0.4128147602081299,0.017152881622314452
sqrt,1,0.00359381,0.7,5,0.63,0.11175369742826806,527,0.6333333333333333,0.8166666666666667,0.5333333333333333,0.6666666666666666,0.5,0.3989530086517334,0.017538928985595705
sqrt,1,0.00359381,0.7,10,0.6466666666666667,0.12710450643291743,439,0.8333333333333333,0.6166666666666667,0.5333333333333333,0.75,0.5,0.40148468017578126,0.016961669921875
sqrt,1,0.00359381,0.7,20,0.49000000000000005,0.12,785,0.5666666666666667,0.55,0.26666666666666666,0.4666666666666667,0.6,0.40796747207641604,0.017372846603393555
sqrt,1,0.00359381,0.7,50,0.5566666666666666,0.05120763831912406,692,0.65,0.5333333333333333,0.5333333333333333,0.5666666666666667,0.5,0.4124608993530273,0.017371988296508788
sqrt,1,0.00359381,0.9,5,0.63,0.11175369742826806,527,0.6333333333333333,0.8166666666666667,0.5333333333333333,0.6666666666666666,0.5,0.4017641544342041,0.01744070053100586
sqrt,1,0.00359381,0.9,10,0.6466666666666667,0.12710450643291743,439,0.8333333333333333,0.6166666666666667,0.5333333333333333,0.75,0.5,0.40271568298339844,0.01708502769470215
sqrt,1,0.00359381,0.9,20,0.49000000000000005,0.12,785,0.5666666666666667,0.55,0.26666666666666666,0.4666666666666667,0.6,0.409348201751709,0.0173159122467041
sqrt,1,0.00359381,0.9,50,0.5566666666666666,0.05120763831912406,692,0.65,0.5333333333333333,0.5333333333333333,0.5666666666666667,0.5,0.41366119384765626,0.017308998107910156
sqrt,1,0.0129155,0.1,5,0.78,0.08717797887081347,12,0.8166666666666667,0.65,0.7166666666666667,0.8166666666666667,0.9,0.4096817493438721,0.017482519149780273
sqrt,1,0.0129155,0.1,10,0.7633333333333334,0.09854496999396321,42,0.65,0.65,0.8,0.8166666666666667,0.9,0.4111661911010742,0.016944074630737306
sqrt,1,0.0129155,0.1,20,0.74,0.06548960901462834,130,0.7333333333333334,0.6333333333333333,0.7166666666666667,0.8166666666666667,0.8,0.4148970127105713,0.01709461212158203
sqrt,1,0.0129155,0.1,50,0.7766666666666667,0.08602325267042628,28,0.8166666666666667,0.65,0.9,0.7166666666666667,0.8,0.4198894500732422,0.017244863510131835
sqrt,1,0.0129155,0.3,5,0.63,0.11175369742826806,527,0.6333333333333333,0.8166666666666667,0.5333333333333333,0.6666666666666666,0.5,0.40156917572021483,0.017362356185913086
sqrt,1,0.0129155,0.3,10,0.6466666666666667,0.12710450643291743,439,0.8333333333333333,0.6166666666666667,0.5333333333333333,0.75,0.5,0.4031933307647705,0.0172757625579834
sqrt,1,0.0129155,0.3,20,0.49000000000000005,0.12,785,0.5666666666666667,0.55,0.26666666666666666,0.4666666666666667,0.6,0.41008286476135253,0.01789431571960449
sqrt,1,0.0129155,0.3,50,0.5566666666666666,0.05120763831912406,692,0.65,0.5333333333333333,0.5333333333333333,0.5666666666666667,0.5,0.4143958568572998,0.017430639266967772
sqrt,1,0.0129155,0.5,5,0.63,0.11175369742826806,527,0.6333333333333333,0.8166666666666667,0.5333333333333333,0.6666666666666666,0.5,0.40006103515625,0.016968679428100587
sqrt,1,0.0129155,0.5,10,0.6466666666666667,0.12710450643291743,439,0.8333333333333333,0.6166666666666667,0.5333333333333333,0.75,0.5,0.4040726661682129,0.01715245246887207
sqrt,1,0.0129155,0.5,20,0.49000000000000005,0.12,785,0.5666666666666667,0.55,0.26666666666666666,0.4666666666666667,0.6,0.40923175811767576,0.01729450225830078
sqrt,1,0.0129155,0.5,50,0.5566666666666666,0.05120763831912406,692,0.65,0.5333333333333333,0.5333333333333333,0.5666666666666667,0.5,0.4147520065307617,0.017284727096557616
sqrt,1,0.0129155,0.7,5,0.63,0.11175369742826806,527,0.6333333333333333,0.8166666666666667,0.5333333333333333,0.6666666666666666,0.5,0.3997626781463623,0.017516708374023436
sqrt,1,0.0129155,0.7,10,0.6466666666666667,0.12710450643291743,439,0.8333333333333333,0.6166666666666667,0.5333333333333333,0.75,0.5,0.4042690277099609,0.017914390563964842
sqrt,1,0.0129155,0.7,20,0.49000000000000005,0.12,785,0.5666666666666667,0.55,0.26666666666666666,0.4666666666666667,0.6,0.412706995010376,0.017657899856567384
sqrt,1,0.0129155,0.7,50,0.5566666666666666,0.05120763831912406,692,0.65,0.5333333333333333,0.5333333333333333,0.5666666666666667,0.5,0.41431417465209963,0.017129182815551758
sqrt,1,0.0129155,0.9,5,0.63,0.11175369742826806,527,0.6333333333333333,0.8166666666666667,0.5333333333333333,0.6666666666666666,0.5,0.3988886833190918,0.017227649688720703
sqrt,1,0.0129155,0.9,10,0.6466666666666667,0.12710450643291743,439,0.8333333333333333,0.6166666666666667,0.5333333333333333,0.75,0.5,0.4048879623413086,0.017436408996582033
sqrt,1,0.0129155,0.9,20,0.49000000000000005,0.12,785,0.5666666666666667,0.55,0.26666666666666666,0.4666666666666667,0.6,0.4093002796173096,0.017352581024169922
sqrt,1,0.0129155,0.9,50,0.5566666666666666,0.05120763831912406,692,0.65,0.5333333333333333,0.5333333333333333,0.5666666666666667,0.5,0.41446471214294434,0.017372703552246092
sqrt,1,0.0464159,0.1,5,0.6933333333333334,0.15513435037626797,323,0.48333333333333334,0.55,0.8,0.7333333333333334,0.9,0.41661667823791504,0.017313766479492187
sqrt,1,0.0464159,0.1,10,0.7633333333333333,0.0644635986860457,54,0.7333333333333334,0.65,0.8166666666666667,0.8166666666666667,0.8,0.42064852714538575,0.017601823806762694
sqrt,1,0.0464159,0.1,20,0.7566666666666666,0.13888444437333106,78,0.6333333333333333,0.6333333333333333,1.0,0.8166666666666667,0.7,0.42394399642944336,0.017383527755737305
sqrt,1,0.0464159,0.1,50,0.78,0.13960261060914617,12,0.7333333333333334,0.5333333333333333,0.9166666666666667,0.8166666666666667,0.9,0.4279009342193604,0.01704440116882324
sqrt,1,0.0464159,0.3,5,0.7833333333333333,0.08498365855987973,6,0.65,0.7333333333333334,0.8166666666666667,0.8166666666666667,0.9,0.41869826316833497,0.01739349365234375
sqrt,1,0.0464159,0.3,10,0.8,0.1224744871391589,1,0.65,0.65,0.9,0.9,0.9,0.4210475444793701,0.017350006103515624
sqrt,1,0.0464159,0.3,20,0.78,0.13055437351710758,12,0.7333333333333334,0.55,0.8166666666666667,0.9,0.9,0.42456278800964353,0.017271804809570312
sqrt,1,0.0464159,0.3,50,0.7033333333333334,0.10402991022884822,287,0.6333333333333333,0.55,0.8166666666666667,0.8166666666666667,0.7,0.4342185020446777,0.017278289794921874
sqrt,1,0.0464159,0.5,5,0.58,0.12174654911833116,656,0.6333333333333333,0.3833333333333333,0.7166666666666667,0.6666666666666666,0.5,0.41072540283203124,0.017291975021362305
sqrt,1,0.0464159,0.5,10,0.6133333333333334,0.11850925889754119,603,0.7166666666666667,0.45,0.65,0.75,0.5,0.41277012825012205,0.017401456832885742
sqrt,1,0.0464159,0.5,20,0.56,0.05228129047119374,688,0.6166666666666667,0.5666666666666667,0.55,0.4666666666666667,0.6,0.41683192253112794,0.017355871200561524
sqrt,1,0.0464159,0.5,50,0.5333333333333334,0.12337837015547834,748,0.5166666666666667,0.35,0.7333333333333334,0.5666666666666667,0.5,0.4228957653045654,0.01738767623901367
sqrt,1,0.0464159,0.7,5,0.63,0.11175369742826806,527,0.6333333333333333,0.8166666666666667,0.5333333333333333,0.6666666666666666,0.5,0.4015376567840576,0.01750955581665039
sqrt,1,0.0464159,0.7,10,0.6466666666666667,0.12710450643291743,439,0.8333333333333333,0.6166666666666667,0.5333333333333333,0.75,0.5,0.40576848983764646,0.017100954055786134
sqrt,1,0.0464159,0.7,20,0.49000000000000005,0.12,785,0.5666666666666667,0.55,0.26666666666666666,0.4666666666666667,0.6,0.4124926567077637,0.01740288734436035
sqrt,1,0.0464159,0.7,50,0.5566666666666666,0.05120763831912406,692,0.65,0.5333333333333333,0.5333333333333333,0.5666666666666667,0.5,0.42291955947875975,0.01738710403442383
sqrt,1,0.0464159,0.9,5,0.63,0.11175369742826806,527,0.6333333333333333,0.8166666666666667,0.5333333333333333,0.6666666666666666,0.5,0.401334285736084,0.017403125762939453
sqrt,1,0.0464159,0.9,10,0.6466666666666667,0.12710450643291743,439,0.8333333333333333,0.6166666666666667,0.5333333333333333,0.75,0.5,0.40549235343933104,0.01731739044189453
sqrt,1,0.0464159,0.9,20,0.49000000000000005,0.12,785,0.5666666666666667,0.55,0.26666666666666666,0.4666666666666667,0.6,0.40972051620483396,0.017401456832885742
sqrt,1,0.0464159,0.9,50,0.5566666666666666,0.05120763831912406,692,0.65,0.5333333333333333,0.5333333333333333,0.5666666666666667,0.5,0.415935754776001,0.017470884323120116
sqrt,1,0.16681,0.1,5,0.7833333333333333,0.13165611772087665,6,0.8333333333333333,0.7333333333333334,0.9,0.55,0.9,0.44283595085144045,0.016999578475952147
sqrt,1,0.16681,0.1,10,0.7233333333333334,0.013333333333333374,190,0.7333333333333334,0.7166666666666667,0.7333333333333334,0.7333333333333334,0.7,0.4460755825042725,0.01750922203063965
sqrt,1,0.16681,0.1,20,0.7233333333333333,0.0793025150224688,209,0.65,0.6333333333333333,0.8166666666666667,0.8166666666666667,0.7,0.44632878303527834,0.017086172103881837
sqrt,1,0.16681,0.1,50,0.7433333333333334,0.11430952132988165,112,0.7333333333333334,0.55,0.8,0.7333333333333334,0.9,0.4521827220916748,0.017446422576904298
sqrt,1,0.16681,0.3,5,0.7500000000000001,0.10327955589886445,90,0.5833333333333334,0.7333333333333334,0.8,0.7333333333333334,0.9,0.4539508819580078,0.017105245590209962
sqrt,1,0.16681,0.3,10,0.72,0.11614167593456232,224,0.6333333333333333,0.5333333333333333,0.8166666666666667,0.8166666666666667,0.8,0.45310220718383787,0.017673015594482422
sqrt,1,0.16681,0.3,20,0.7533333333333333,0.12220201853215576,88,0.6333333333333333,0.6333333333333333,0.9,0.9,0.7,0.4528844356536865,0.017147302627563477
sqrt,1,0.16681,0.3,50,0.7433333333333333,0.16076207402383325,127,0.55,0.55,0.9,0.8166666666666667,0.9,0.46028938293457033,0.01706380844116211
sqrt,1,0.16681,0.5,5,0.73,0.13759844960366863,162,0.48333333333333334,0.7333333333333334,0.8,0.7333333333333334,0.9,0.45017356872558595,0.017336940765380858
sqrt,1,0.16681,0.5,10,0.7233333333333334,0.1323295549418614,190,0.7333333333333334,0.5333333333333333,0.9166666666666667,0.6333333333333333,0.8,0.4512596607208252,0.017373371124267577
sqrt,1,0.16681,0.5,20,0.7566666666666666,0.10624918300339486,78,0.6333333333333333,0.6333333333333333,0.8,0.8166666666666667,0.9,0.45297017097473147,0.017218828201293945
sqrt,1,0.16681,0.5,50,0.74,0.14087031072743628,130,0.6333333333333333,0.55,0.9,0.7166666666666667,0.9,0.46014604568481443,0.017507457733154298
sqrt,1,0.16681,0.7,5,0.73,0.13960261060914617,162,0.48333333333333334,0.7333333333333334,0.7166666666666667,0.8166666666666667,0.9,0.4428884983062744,0.01730690002441406
sqrt,1,0.16681,0.7,10,0.7266666666666668,0.11382247385975919,166,0.6333333333333333,0.65,0.9166666666666667,0.6333333333333333,0.8,0.44901156425476074,0.017641496658325196
sqrt,1,0.16681,0.7,20,0.7033333333333334,0.13678856352455462,287,0.5333333333333333,0.6333333333333333,0.9166666666666667,0.6333333333333333,0.8,0.4529412746429443,0.017093610763549805
sqrt,1,0.16681,0.7,50,0.6433333333333333,0.13523641850067195,510,0.43333333333333335,0.55,0.8166666666666667,0.7166666666666667,0.7,0.4608271598815918,0.017419099807739258
sqrt,1,0.16681,0.9,5,0.73,0.13960261060914617,162,0.48333333333333334,0.7333333333333334,0.7166666666666667,0.8166666666666667,0.9,0.44422159194946287,0.017552757263183595
sqrt,1,0.16681,0.9,10,0.75,0.06324555320336755,91,0.7333333333333334,0.65,0.8333333333333333,0.7333333333333334,0.8,0.44767537117004397,0.017343950271606446
sqrt,1,0.16681,0.9,20,0.71,0.09165151389911677,258,0.7333333333333334,0.55,0.8333333333333333,0.7333333333333334,0.7,0.4499805450439453,0.01744675636291504
sqrt,1,0.16681,0.9,50,0.7033333333333334,0.08259674462242578,287,0.7166666666666667,0.55,0.7333333333333334,0.7166666666666667,0.8,0.4556478977203369,0.017225217819213868
sqrt,1,0.599484,0.1,5,0.62,0.17429221949868498,597,0.45,0.5666666666666667,0.7333333333333334,0.45,0.9,0.5058613300323487,0.01734752655029297
sqrt,1,0.599484,0.1,10,0.7466666666666667,0.05906681715556449,99,0.65,0.7333333333333334,0.7333333333333334,0.8166666666666667,0.8,0.5059557437896729,0.017474269866943358
sqrt,1,0.599484,0.1,20,0.7233333333333334,0.15620499351813308,190,0.55,0.7333333333333334,1.0,0.7333333333333334,0.6000000000000001,0.5062078475952149,0.017414426803588866
sqrt,1,0.599484,0.1,50,0.74,0.1284955684493092,130,0.6333333333333333,0.55,0.8,0.8166666666666667,0.9,0.5123664855957031,0.01739821434020996
sqrt,1,0.599484,0.3,5,0.7633333333333334,0.11897712198383163,42,0.7333333333333334,0.8166666666666667,0.8166666666666667,0.55,0.9,0.5180873394012451,0.017572450637817382
sqrt,1,0.599484,0.3,10,0.76,0.0703957069398096,62,0.7333333333333334,0.6333333333333333,0.8166666666666667,0.8166666666666667,0.8,0.5187836170196534,0.017387914657592773
sqrt,1,0.599484,0.3,20,0.7466666666666667,0.10402991022884826,99,0.65,0.6333333333333333,0.9166666666666667,0.7333333333333334,0.8,0.5239058017730713,0.01740584373474121
sqrt,1,0.599484,0.3,50,0.74,0.10198039027185572,130,0.6333333333333333,0.6333333333333333,0.9,0.7333333333333334,0.8,0.5274498462677002,0.017650938034057616
sqrt,1,0.599484,0.5,5,0.7266666666666667,0.14360439485692011,182,0.4666666666666667,0.7333333333333334,0.8,0.7333333333333334,0.9,0.538790225982666,0.017055463790893555
sqrt,1,0.599484,0.5,10,0.72,0.08259674462242579,224,0.6333333333333333,0.6166666666666667,0.7333333333333334,0.8166666666666667,0.8,0.5404882907867432,0.017308759689331054
sqrt,1,0.599484,0.5,20,0.7266666666666668,0.10143416036468629,166,0.65,0.6333333333333333,0.9166666666666667,0.7333333333333334,0.7,0.5428168296813964,0.01731724739074707
sqrt,1,0.599484,0.5,50,0.68,0.14506703431325962,378,0.6333333333333333,0.45,0.9,0.7166666666666667,0.7,0.5612537384033203,0.01745305061340332
sqrt,1,0.599484,0.7,5,0.7266666666666667,0.14360439485692011,182,0.4666666666666667,0.7333333333333334,0.8,0.7333333333333334,0.9,0.5488715171813965,0.01747441291809082
sqrt,1,0.599484,0.7,10,0.72,0.10402991022884822,224,0.7333333333333334,0.5333333333333333,0.8166666666666667,0.8166666666666667,0.7,0.5485892772674561,0.017441558837890624
sqrt,1,0.599484,0.7,20,0.6866666666666668,0.10402991022884824,353,0.55,0.6333333333333333,0.8166666666666667,0.6333333333333333,0.8,0.5521854877471923,0.017731380462646485
sqrt,1,0.599484,0.7,50,0.78,0.07408703590297624,12,0.7333333333333334,0.7333333333333334,0.9166666666666667,0.7166666666666667,0.8,0.5589016437530517,0.017676162719726562
sqrt,1,0.599484,0.9,5,0.7266666666666667,0.14360439485692011,182,0.4666666666666667,0.7333333333333334,0.8,0.7333333333333334,0.9,0.5367426395416259,0.01739354133605957
sqrt,1,0.599484,0.9,10,0.7233333333333333,0.0793025150224688,209,0.65,0.6166666666666667,0.8166666666666667,0.7333333333333334,0.8,0.5417324542999268,0.017545366287231447
sqrt,1,0.599484,0.9,20,0.74,0.10780641085864158,130,0.6333333333333333,0.7166666666666667,0.9166666666666667,0.6333333333333333,0.8,0.5412018775939942,0.0171783447265625
sqrt,1,0.599484,0.9,50,0.6833333333333333,0.09189365834726818,368,0.5333333333333333,0.6333333333333333,0.7333333333333334,0.7166666666666667,0.8,0.5531917572021484,0.01731715202331543
sqrt,1,2.15443,0.1,5,0.6133333333333334,0.17682382946499792,603,0.45,0.5333333333333333,0.7333333333333334,0.45,0.9,0.6053952217102051,0.017131900787353514
sqrt,1,2.15443,0.1,10,0.7266666666666668,0.1254325848148452,166,0.65,0.55,0.9166666666666667,0.7166666666666667,0.8,0.6114108562469482,0.017331314086914063
sqrt,1,2.15443,0.1,20,0.72,0.10456258094238748,224,0.6333333333333333,0.7333333333333334,0.9,0.7333333333333334,0.6000000000000001,0.6191518306732178,0.017154932022094727
sqrt,1,2.15443,0.1,50,0.7633333333333334,0.11897712198383163,42,0.7333333333333334,0.55,0.8166666666666667,0.8166666666666667,0.9,0.6156021595001221,0.017249870300292968
sqrt,1,2.15443,0.3,5,0.6366666666666667,0.12534397117975446,512,0.45,0.65,0.7333333333333334,0.55,0.8,0.6537769317626954,0.017386913299560547
sqrt,1,2.15443,0.3,10,0.7166666666666666,0.10697871023920807,242,0.7333333333333334,0.5166666666666667,0.8166666666666667,0.7166666666666667,0.8,0.6521340847015381,0.01740155220031738
sqrt,1,2.15443,0.3,20,0.7066666666666667,0.1222929088522943,268,0.55,0.6333333333333333,0.9166666666666667,0.7333333333333334,0.7,0.6526341438293457,0.017304611206054688
sqrt,1,2.15443,0.3,50,0.7433333333333333,0.1302134998974974,127,0.6333333333333333,0.55,0.8166666666666667,0.8166666666666667,0.9,0.657428789138794,0.017468070983886717
sqrt,1,2.15443,0.5,5,0.6866666666666668,0.08326663997864531,353,0.7166666666666667,0.65,0.7166666666666667,0.55,0.8,0.6895370960235596,0.01752462387084961
sqrt,1,2.15443,0.5,10,0.7566666666666666,0.07644896627453142,78,0.7333333333333334,0.6166666666666667,0.8166666666666667,0.8166666666666667,0.8,0.6908576011657714,0.01712961196899414
sqrt,1,2.15443,0.5,20,0.6633333333333333,0.09392668535736912,421,0.55,0.6333333333333333,0.8166666666666667,0.7166666666666667,0.6000000000000001,0.6925123691558838,0.01740884780883789
sqrt,1,2.15443,0.5,50,0.7033333333333334,0.11661903789690602,287,0.6333333333333333,0.55,0.9,0.7333333333333334,0.7,0.7010802268981934,0.017254114151000977
sqrt,1,2.15443,0.7,5,0.6699999999999999,0.12400716825158851,407,0.4666666666666667,0.65,0.8,0.6333333333333333,0.8,0.7277406215667724,0.01718287467956543
sqrt,1,2.15443,0.7,10,0.74,0.07039570693980958,130,0.7333333333333334,0.6166666666666667,0.7333333333333334,0.8166666666666667,0.8,0.731252384185791,0.01701645851135254
sqrt,1,2.15443,0.7,20,0.7633333333333333,0.0644635986860457,54,0.65,0.8166666666666667,0.8166666666666667,0.7333333333333334,0.8,0.7335666656494141,0.01766514778137207
sqrt,1,2.15443,0.7,50,0.7766666666666666,0.0891939210683977,31,0.6333333333333333,0.7333333333333334,0.9,0.8166666666666667,0.8,0.7417609691619873,0.017543697357177736
sqrt,1,2.15443,0.9,5,0.7433333333333333,0.14817407180595246,127,0.4666666666666667,0.7333333333333334,0.8,0.8166666666666667,0.9,0.7185847759246826,0.017390632629394533
sqrt,1,2.15443,0.9,10,0.72,0.08259674462242579,224,0.6333333333333333,0.6166666666666667,0.7333333333333334,0.8166666666666667,0.8,0.7206687927246094,0.01735844612121582
sqrt,1,2.15443,0.9,20,0.7433333333333334,0.12229290885229427,112,0.55,0.7333333333333334,0.9166666666666667,0.8166666666666667,0.7,0.7225183010101318,0.017321109771728516
sqrt,1,2.15443,0.9,50,0.7766666666666667,0.12364824660660939,28,0.6333333333333333,0.7333333333333334,1.0,0.7166666666666667,0.8,0.7303907394409179,0.017613983154296874
sqrt,1,7.74264,0.1,5,0.6133333333333333,0.17745108872274887,608,0.3666666666666667,0.5166666666666667,0.8333333333333333,0.55,0.8,0.6431488513946533,0.017547178268432616
sqrt,1,7.74264,0.1,10,0.7066666666666667,0.11907047399661169,268,0.48333333333333334,0.7166666666666667,0.8166666666666667,0.7166666666666667,0.8,0.651818323135376,0.017492055892944336
sqrt,1,7.74264,0.1,20,0.7433333333333334,0.06463573143221772,112,0.6333333333333333,0.7333333333333334,0.8166666666666667,0.7333333333333334,0.8,0.646586275100708,0.017373037338256837
sqrt,1,7.74264,0.1,50,0.7233333333333333,0.1108552609887726,209,0.6333333333333333,0.55,0.8166666666666667,0.8166666666666667,0.8,0.6512482166290283,0.017138195037841798
sqrt,1,7.74264,0.3,5,0.56,0.10572501018102473,688,0.45,0.5666666666666667,0.7333333333333334,0.45,0.6,0.8019685745239258,0.017741823196411134
sqrt,1,7.74264,0.3,10,0.7266666666666668,0.04784233364802442,166,0.65,0.7333333333333334,0.7333333333333334,0.7166666666666667,0.8,0.8065171241760254,0.017253637313842773
sqrt,1,7.74264,0.3,20,0.76,0.0879393730551528,62,0.6333333333333333,0.7333333333333334,0.9,0.7333333333333334,0.8,0.806032371520996,0.017571783065795897
sqrt,1,7.74264,0.3,50,0.78,0.09030811456096045,12,0.7333333333333334,0.6333333333333333,0.8166666666666667,0.8166666666666667,0.9,0.8106489181518555,0.01734471321105957
sqrt,1,7.74264,0.5,5,0.5533333333333333,0.18055470085267789,725,0.45,0.3333333333333333,0.7333333333333334,0.45,0.8,0.8663233757019043,0.017474985122680663
sqrt,1,7.74264,0.5,10,0.7266666666666668,0.09521904571390465,166,0.75,0.55,0.8166666666666667,0.7166666666666667,0.8,0.8648605346679688,0.01724405288696289
sqrt,1,7.74264,0.5,20,0.7399999999999999,0.08730533902472531,151,0.6333333333333333,0.6333333333333333,0.8166666666666667,0.8166666666666667,0.8,0.8725575923919677,0.01784825325012207
sqrt,1,7.74264,0.5,50,0.7033333333333334,0.11661903789690602,287,0.6333333333333333,0.55,0.9,0.7333333333333334,0.7,0.8769099235534668,0.018819904327392577
sqrt,1,7.74264,0.7,5,0.5533333333333333,0.18055470085267789,725,0.45,0.3333333333333333,0.7333333333333334,0.45,0.8,0.8864531993865967,0.017456960678100587
sqrt,1,7.74264,0.7,10,0.71,0.0992191737742481,258,0.65,0.55,0.8166666666666667,0.7333333333333334,0.8,0.8848947525024414,0.017742252349853514
sqrt,1,7.74264,0.7,20,0.7433333333333334,0.10143416036468625,112,0.55,0.7333333333333334,0.8166666666666667,0.8166666666666667,0.8,0.8877175331115723,0.01723761558532715
sqrt,1,7.74264,0.7,50,0.6466666666666667,0.151803967156476,439,0.6333333333333333,0.45,0.9,0.55,0.7,0.8921655178070068,0.017590141296386717
sqrt,1,7.74264,0.9,5,0.6633333333333333,0.10402991022884824,421,0.7166666666666667,0.5333333333333333,0.7166666666666667,0.55,0.8,0.9600804805755615,0.017488574981689452
sqrt,1,7.74264,0.9,10,0.6900000000000001,0.12274635093014646,333,0.7333333333333334,0.45,0.7333333333333334,0.7333333333333334,0.8,0.9645589351654053,0.0171968936920166
sqrt,1,7.74264,0.9,20,0.7033333333333334,0.06863753427324668,287,0.6333333333333333,0.6333333333333333,0.8166666666666667,0.7333333333333334,0.7,0.9628952503204345,0.01744189262390137
sqrt,1,7.74264,0.9,50,0.6599999999999999,0.08793937305515281,427,0.6333333333333333,0.5333333333333333,0.8,0.6333333333333333,0.7,0.9675113677978515,0.017383909225463866
sqrt,1,27.8256,0.1,5,0.5933333333333334,0.15584892970081282,621,0.3666666666666667,0.5166666666666667,0.7333333333333334,0.55,0.8,0.6570351123809814,0.017796850204467772
sqrt,1,27.8256,0.1,10,0.71,0.14476033833738974,258,0.48333333333333334,0.6333333333333333,0.8166666666666667,0.7166666666666667,0.9,0.6559078693389893,0.017381000518798827
sqrt,1,27.8256,0.1,20,0.7833333333333333,0.06666666666666664,6,0.7333333333333334,0.7333333333333334,0.8166666666666667,0.7333333333333334,0.9,0.6570699214935303,0.01769280433654785
sqrt,1,27.8256,0.1,50,0.6866666666666668,0.06944222218666553,353,0.7333333333333334,0.55,0.7166666666666667,0.7333333333333334,0.7,0.6654971599578857,0.017246246337890625
sqrt,1,27.8256,0.3,5,0.5933333333333334,0.15584892970081282,621,0.3666666666666667,0.5166666666666667,0.7333333333333334,0.55,0.8,0.7510618686676025,0.0175447940826416
sqrt,1,27.8256,0.3,10,0.7266666666666668,0.14204850501775013,166,0.48333333333333334,0.7166666666666667,0.9166666666666667,0.7166666666666667,0.8,0.7542751789093017,0.017524290084838866
sqrt,1,27.8256,0.3,20,0.7233333333333334,0.0592546294487706,190,0.6333333333333333,0.7333333333333334,0.8166666666666667,0.7333333333333334,0.7,0.753411340713501,0.01784043312072754
sqrt,1,27.8256,0.3,50,0.76,0.11999999999999998,62,0.8166666666666667,0.55,0.7166666666666667,0.8166666666666667,0.9,0.7605399131774903,0.017446136474609374
sqrt,1,27.8256,0.5,5,0.6133333333333334,0.17682382946499792,603,0.45,0.5333333333333333,0.7333333333333334,0.45,0.9,0.9017413139343262,0.01750783920288086
sqrt,1,27.8256,0.5,10,0.7433333333333334,0.060184900284225955,112,0.65,0.7333333333333334,0.8166666666666667,0.7166666666666667,0.8,0.898690938949585,0.017405319213867187
sqrt,1,27.8256,0.5,20,0.7566666666666666,0.09285592184789414,78,0.6333333333333333,0.8166666666666667,0.9,0.7333333333333334,0.7,0.9001097679138184,0.01735992431640625
sqrt,1,27.8256,0.5,50,0.7233333333333334,0.15151090903151349,190,0.7333333333333334,0.45,0.7166666666666667,0.8166666666666667,0.9,0.907221508026123,0.01739163398742676
sqrt,1,27.8256,0.7,5,0.5700000000000001,0.1082178872049862,682,0.45,0.6166666666666667,0.7333333333333334,0.45,0.6,0.967653465270996,0.0172518253326416
sqrt,1,27.8256,0.7,10,0.7633333333333333,0.09030811456096045,54,0.65,0.7333333333333334,0.9166666666666667,0.7166666666666667,0.8,0.968365478515625,0.017486143112182616
sqrt,1,27.8256,0.7,20,0.7366666666666667,0.07102425250887506,152,0.6333333333333333,0.8166666666666667,0.7166666666666667,0.8166666666666667,0.7,0.9733786582946777,0.01735525131225586
sqrt,1,27.8256,0.7,50,0.6866666666666668,0.12445436468396313,353,0.7333333333333334,0.45,0.8166666666666667,0.7333333333333334,0.7,0.983517837524414,0.01904721260070801
sqrt,1,27.8256,0.9,5,0.5333333333333334,0.11690451944500123,748,0.45,0.43333333333333335,0.7333333333333334,0.45,0.6,1.0524476051330567,0.01742277145385742
sqrt,1,27.8256,0.9,10,0.6866666666666668,0.132664991614216,353,0.65,0.45,0.8166666666666667,0.7166666666666667,0.8,1.06546630859375,0.017589759826660157
sqrt,1,27.8256,0.9,20,0.7633333333333334,0.08969082698049141,42,0.6333333333333333,0.7333333333333334,0.8166666666666667,0.7333333333333334,0.9,1.0605605602264405,0.017343568801879882
sqrt,1,27.8256,0.9,50,0.7033333333333334,0.06863753427324668,287,0.6333333333333333,0.6333333333333333,0.8166666666666667,0.7333333333333334,0.7,1.0645090579986571,0.019411516189575196
sqrt,1,100.0,0.1,5,0.5933333333333334,0.15584892970081282,621,0.3666666666666667,0.5166666666666667,0.7333333333333334,0.55,0.8,0.7022604465484619,0.017391490936279296
sqrt,1,100.0,0.1,10,0.6900000000000001,0.12229290885229428,333,0.48333333333333334,0.6333333333333333,0.8166666666666667,0.7166666666666667,0.8,0.7010846614837647,0.017206525802612303
sqrt,1,100.0,0.1,20,0.8,0.06236095644623234,1,0.7333333333333334,0.8166666666666667,0.8166666666666667,0.7333333333333334,0.9,0.7016428947448731,0.017250871658325194
sqrt,1,100.0,0.1,50,0.7200000000000001,0.09510228411791402,221,0.7333333333333334,0.55,0.8,0.8166666666666667,0.7,0.7108008861541748,0.017327022552490235
sqrt,1,100.0,0.3,5,0.5933333333333334,0.15584892970081282,621,0.3666666666666667,0.5166666666666667,0.7333333333333334,0.55,0.8,0.7051084518432618,0.01787419319152832
sqrt,1,100.0,0.3,10,0.6900000000000001,0.12229290885229428,333,0.48333333333333334,0.6333333333333333,0.8166666666666667,0.7166666666666667,0.8,0.7070136070251465,0.017380762100219726
sqrt,1,100.0,0.3,20,0.7633333333333334,0.08969082698049141,42,0.6333333333333333,0.7333333333333334,0.8166666666666667,0.7333333333333334,0.9,0.7059327125549316,0.01780357360839844
sqrt,1,100.0,0.3,50,0.6633333333333333,0.12445436468396313,421,0.7333333333333334,0.45,0.6166666666666667,0.8166666666666667,0.7,0.711964750289917,0.01723780632019043
sqrt,1,100.0,0.5,5,0.5933333333333334,0.15584892970081282,621,0.3666666666666667,0.5166666666666667,0.7333333333333334,0.55,0.8,0.7251861572265625,0.017446565628051757
sqrt,1,100.0,0.5,10,0.69,0.16006942938057292,345,0.48333333333333334,0.5333333333333333,0.8166666666666667,0.7166666666666667,0.9,0.7259341716766358,0.01717214584350586
sqrt,1,100.0,0.5,20,0.78,0.09030811456096045,12,0.6333333333333333,0.8166666666666667,0.8166666666666667,0.7333333333333334,0.9,0.7256977558135986,0.01759200096130371
sqrt,1,100.0,0.5,50,0.7633333333333334,0.11897712198383163,42,0.7333333333333334,0.55,0.8166666666666667,0.8166666666666667,0.9,0.7324907302856445,0.017367744445800783
sqrt,1,100.0,0.7,5,0.5933333333333334,0.15584892970081282,621,0.3666666666666667,0.5166666666666667,0.7333333333333334,0.55,0.8,0.7562499046325684,0.017841243743896486
sqrt,1,100.0,0.7,10,0.7066666666666667,0.11907047399661169,268,0.48333333333333334,0.7166666666666667,0.8166666666666667,0.7166666666666667,0.8,0.759704875946045,0.017482233047485352
sqrt,1,100.0,0.7,20,0.78,0.09030811456096045,12,0.6333333333333333,0.8166666666666667,0.8166666666666667,0.7333333333333334,0.9,0.7613029479980469,0.017880344390869142
sqrt,1,100.0,0.7,50,0.7233333333333334,0.12498888839501783,190,0.6333333333333333,0.55,0.7166666666666667,0.8166666666666667,0.9,0.7652533531188965,0.0176058292388916
sqrt,1,100.0,0.9,5,0.5933333333333334,0.15584892970081282,621,0.3666666666666667,0.5166666666666667,0.7333333333333334,0.55,0.8,0.8017386436462403,0.017469453811645507
sqrt,1,100.0,0.9,10,0.7266666666666668,0.14204850501775013,166,0.48333333333333334,0.7166666666666667,0.9166666666666667,0.7166666666666667,0.8,0.8054003238677978,0.01726703643798828
sqrt,1,100.0,0.9,20,0.74,0.0703957069398096,130,0.6333333333333333,0.8166666666666667,0.8166666666666667,0.7333333333333334,0.7,0.8027389049530029,0.017645740509033205
sqrt,1,100.0,0.9,50,0.74,0.10198039027185568,130,0.8166666666666667,0.55,0.7166666666666667,0.8166666666666667,0.8,0.8083144664764405,0.017781782150268554
sqrt,5,0.001,0.1,5,0.63,0.09683892697555968,527,0.6333333333333333,0.8,0.6166666666666667,0.5,0.6000000000000001,0.39308938980102537,0.017199993133544922
sqrt,5,0.001,0.1,10,0.6466666666666667,0.10022197585581938,439,0.6333333333333333,0.8,0.7,0.5,0.6000000000000001,0.39368381500244143,0.017066287994384765
sqrt,5,0.001,0.1,20,0.5733333333333334,0.07999999999999999,660,0.6333333333333333,0.7,0.5333333333333333,0.5,0.5,0.39594054222106934,0.017410993576049805
sqrt,5,0.001,0.1,50,0.5933333333333334,0.08730533902472529,621,0.65,0.5166666666666667,0.6333333333333333,0.4666666666666667,0.7,0.39902806282043457,0.01712627410888672
sqrt,5,0.001,0.3,5,0.63,0.09683892697555968,527,0.6333333333333333,0.8,0.6166666666666667,0.5,0.6000000000000001,0.3937386989593506,0.017012786865234376
sqrt,5,0.001,0.3,10,0.6466666666666667,0.10022197585581938,439,0.6333333333333333,0.8,0.7,0.5,0.6000000000000001,0.39387059211730957,0.01688532829284668
sqrt,5,0.001,0.3,20,0.5733333333333334,0.07999999999999999,660,0.6333333333333333,0.7,0.5333333333333333,0.5,0.5,0.39483208656311036,0.01694016456604004
sqrt,5,0.001,0.3,50,0.5933333333333334,0.08730533902472529,621,0.65,0.5166666666666667,0.6333333333333333,0.4666666666666667,0.7,0.3986332893371582,0.017454910278320312
sqrt,5,0.001,0.5,5,0.63,0.09683892697555968,527,0.6333333333333333,0.8,0.6166666666666667,0.5,0.6000000000000001,0.3919195652008057,0.01685023307800293
sqrt,5,0.001,0.5,10,0.6466666666666667,0.10022197585581938,439,0.6333333333333333,0.8,0.7,0.5,0.6000000000000001,0.39142575263977053,0.01687788963317871
sqrt,5,0.001,0.5,20,0.5733333333333334,0.07999999999999999,660,0.6333333333333333,0.7,0.5333333333333333,0.5,0.5,0.394696569442749,0.016937875747680665
sqrt,5,0.001,0.5,50,0.5933333333333334,0.08730533902472529,621,0.65,0.5166666666666667,0.6333333333333333,0.4666666666666667,0.7,0.39806432723999025,0.01723799705505371
sqrt,5,0.001,0.7,5,0.63,0.09683892697555968,527,0.6333333333333333,0.8,0.6166666666666667,0.5,0.6000000000000001,0.39101033210754393,0.017170095443725587
sqrt,5,0.001,0.7,10,0.6466666666666667,0.10022197585581938,439,0.6333333333333333,0.8,0.7,0.5,0.6000000000000001,0.3918607711791992,0.01699676513671875
sqrt,5,0.001,0.7,20,0.5733333333333334,0.07999999999999999,660,0.6333333333333333,0.7,0.5333333333333333,0.5,0.5,0.3933708667755127,0.01697883605957031
sqrt,5,0.001,0.7,50,0.5933333333333334,0.08730533902472529,621,0.65,0.5166666666666667,0.6333333333333333,0.4666666666666667,0.7,0.4050454139709473,0.017297792434692382
sqrt,5,0.001,0.9,5,0.63,0.09683892697555968,527,0.6333333333333333,0.8,0.6166666666666667,0.5,0.6000000000000001,0.3928846836090088,0.017216014862060546
sqrt,5,0.001,0.9,10,0.6466666666666667,0.10022197585581938,439,0.6333333333333333,0.8,0.7,0.5,0.6000000000000001,0.39360899925231935,0.017270851135253906
sqrt,5,0.001,0.9,20,0.5733333333333334,0.07999999999999999,660,0.6333333333333333,0.7,0.5333333333333333,0.5,0.5,0.39513087272644043,0.017078304290771486
sqrt,5,0.001,0.9,50,0.5933333333333334,0.08730533902472529,621,0.65,0.5166666666666667,0.6333333333333333,0.4666666666666667,0.7,0.40096545219421387,0.017157793045043945
sqrt,5,0.00359381,0.1,5,0.63,0.09683892697555968,527,0.6333333333333333,0.8,0.6166666666666667,0.5,0.6000000000000001,0.38967266082763674,0.017236089706420897
sqrt,5,0.00359381,0.1,10,0.6466666666666667,0.10022197585581938,439,0.6333333333333333,0.8,0.7,0.5,0.6000000000000001,0.3936489105224609,0.017842960357666016
sqrt,5,0.00359381,0.1,20,0.5733333333333334,0.07999999999999999,660,0.6333333333333333,0.7,0.5333333333333333,0.5,0.5,0.3966343879699707,0.016983890533447267
sqrt,5,0.00359381,0.1,50,0.5933333333333334,0.08730533902472529,621,0.65,0.5166666666666667,0.6333333333333333,0.4666666666666667,0.7,0.3998090744018555,0.017558765411376954
sqrt,5,0.00359381,0.3,5,0.63,0.09683892697555968,527,0.6333333333333333,0.8,0.6166666666666667,0.5,0.6000000000000001,0.39340767860412595,0.016900014877319337
sqrt,5,0.00359381,0.3,10,0.6466666666666667,0.10022197585581938,439,0.6333333333333333,0.8,0.7,0.5,0.6000000000000001,0.39324126243591306,0.016947317123413085
sqrt,5,0.00359381,0.3,20,0.5733333333333334,0.07999999999999999,660,0.6333333333333333,0.7,0.5333333333333333,0.5,0.5,0.3959766387939453,0.01721343994140625
sqrt,5,0.00359381,0.3,50,0.5933333333333334,0.08730533902472529,621,0.65,0.5166666666666667,0.6333333333333333,0.4666666666666667,0.7,0.4040658950805664,0.017253684997558593
sqrt,5,0.00359381,0.5,5,0.63,0.09683892697555968,527,0.6333333333333333,0.8,0.6166666666666667,0.5,0.6000000000000001,0.40658011436462405,0.017187070846557618
sqrt,5,0.00359381,0.5,10,0.6466666666666667,0.10022197585581938,439,0.6333333333333333,0.8,0.7,0.5,0.6000000000000001,0.3939570426940918,0.016941213607788087
sqrt,5,0.00359381,0.5,20,0.5733333333333334,0.07999999999999999,660,0.6333333333333333,0.7,0.5333333333333333,0.5,0.5,0.3937173366546631,0.016941642761230467
sqrt,5,0.00359381,0.5,50,0.5933333333333334,0.08730533902472529,621,0.65,0.5166666666666667,0.6333333333333333,0.4666666666666667,0.7,0.3979738712310791,0.017217111587524415
sqrt,5,0.00359381,0.7,5,0.63,0.09683892697555968,527,0.6333333333333333,0.8,0.6166666666666667,0.5,0.6000000000000001,0.3920613765716553,0.017096567153930663
sqrt,5,0.00359381,0.7,10,0.6466666666666667,0.10022197585581938,439,0.6333333333333333,0.8,0.7,0.5,0.6000000000000001,0.3913549900054932,0.017255353927612304
sqrt,5,0.00359381,0.7,20,0.5733333333333334,0.07999999999999999,660,0.6333333333333333,0.7,0.5333333333333333,0.5,0.5,0.3940843105316162,0.01709141731262207
sqrt,5,0.00359381,0.7,50,0.5933333333333334,0.08730533902472529,621,0.65,0.5166666666666667,0.6333333333333333,0.4666666666666667,0.7,0.39864649772644045,0.017097663879394532
sqrt,5,0.00359381,0.9,5,0.63,0.09683892697555968,527,0.6333333333333333,0.8,0.6166666666666667,0.5,0.6000000000000001,0.3911141872406006,0.017071866989135744
sqrt,5,0.00359381,0.9,10,0.6466666666666667,0.10022197585581938,439,0.6333333333333333,0.8,0.7,0.5,0.6000000000000001,0.39198837280273435,0.016832828521728516
sqrt,5,0.00359381,0.9,20,0.5733333333333334,0.07999999999999999,660,0.6333333333333333,0.7,0.5333333333333333,0.5,0.5,0.39463143348693847,0.017139625549316407
sqrt,5,0.00359381,0.9,50,0.5933333333333334,0.08730533902472529,621,0.65,0.5166666666666667,0.6333333333333333,0.4666666666666667,0.7,0.39642820358276365,0.017433834075927735
sqrt,5,0.0129155,0.1,5,0.65,0.10055402085998905,436,0.7333333333333334,0.55,0.6166666666666667,0.55,0.8,0.4010479927062988,0.017133617401123048
sqrt,5,0.0129155,0.1,10,0.6866666666666668,0.06091888960832357,353,0.65,0.65,0.7,0.6333333333333333,0.8,0.40044031143188474,0.01690707206726074
sqrt,5,0.0129155,0.1,20,0.7366666666666667,0.10561986345169908,152,0.7333333333333334,0.6166666666666667,0.8,0.6333333333333333,0.9,0.40352277755737304,0.01722540855407715
sqrt,5,0.0129155,0.1,50,0.6933333333333334,0.06548960901462834,323,0.7166666666666667,0.6166666666666667,0.7,0.6333333333333333,0.8,0.4057856559753418,0.017395973205566406
sqrt,5,0.0129155,0.3,5,0.63,0.09683892697555968,527,0.6333333333333333,0.8,0.6166666666666667,0.5,0.6000000000000001,0.3939519882202148,0.017186689376831054
sqrt,5,0.0129155,0.3,10,0.6466666666666667,0.10022197585581938,439,0.6333333333333333,0.8,0.7,0.5,0.6000000000000001,0.39157443046569823,0.016986846923828125
sqrt,5,0.0129155,0.3,20,0.5733333333333334,0.07999999999999999,660,0.6333333333333333,0.7,0.5333333333333333,0.5,0.5,0.395326042175293,0.016984224319458008
sqrt,5,0.0129155,0.3,50,0.5933333333333334,0.08730533902472529,621,0.65,0.5166666666666667,0.6333333333333333,0.4666666666666667,0.7,0.4000876426696777,0.017440271377563477
sqrt,5,0.0129155,0.5,5,0.63,0.09683892697555968,527,0.6333333333333333,0.8,0.6166666666666667,0.5,0.6000000000000001,0.3926080226898193,0.016845560073852538
sqrt,5,0.0129155,0.5,10,0.6466666666666667,0.10022197585581938,439,0.6333333333333333,0.8,0.7,0.5,0.6000000000000001,0.3913109302520752,0.016833400726318358
sqrt,5,0.0129155,0.5,20,0.5733333333333334,0.07999999999999999,660,0.6333333333333333,0.7,0.5333333333333333,0.5,0.5,0.39472332000732424,0.017181825637817384
sqrt,5,0.0129155,0.5,50,0.5933333333333334,0.08730533902472529,621,0.65,0.5166666666666667,0.6333333333333333,0.4666666666666667,0.7,0.3972025394439697,0.01697239875793457
sqrt,5,0.0129155,0.7,5,0.63,0.09683892697555968,527,0.6333333333333333,0.8,0.6166666666666667,0.5,0.6000000000000001,0.394868803024292,0.01717410087585449
sqrt,5,0.0129155,0.7,10,0.6466666666666667,0.10022197585581938,439,0.6333333333333333,0.8,0.7,0.5,0.6000000000000001,0.3907148361206055,0.01728677749633789
sqrt,5,0.0129155,0.7,20,0.5733333333333334,0.07999999999999999,660,0.6333333333333333,0.7,0.5333333333333333,0.5,0.5,0.39346880912780763,0.017015933990478516
sqrt,5,0.0129155,0.7,50,0.5933333333333334,0.08730533902472529,621,0.65,0.5166666666666667,0.6333333333333333,0.4666666666666667,0.7,0.39722499847412107,0.017104530334472658
sqrt,5,0.0129155,0.9,5,0.63,0.09683892697555968,527,0.6333333333333333,0.8,0.6166666666666667,0.5,0.6000000000000001,0.3915902614593506,0.01697683334350586
sqrt,5,0.0129155,0.9,10,0.6466666666666667,0.10022197585581938,439,0.6333333333333333,0.8,0.7,0.5,0.6000000000000001,0.39065914154052733,0.01682415008544922
sqrt,5,0.0129155,0.9,20,0.5733333333333334,0.07999999999999999,660,0.6333333333333333,0.7,0.5333333333333333,0.5,0.5,0.3959502696990967,0.016872644424438477
sqrt,5,0.0129155,0.9,50,0.5933333333333334,0.08730533902472529,621,0.65,0.5166666666666667,0.6333333333333333,0.4666666666666667,0.7,0.3969162940979004,0.017252683639526367
sqrt,5,0.0464159,0.1,5,0.6566666666666666,0.1284955684493092,429,0.55,0.55,0.65,0.6333333333333333,0.9,0.4088787078857422,0.017012739181518556
sqrt,5,0.0464159,0.1,10,0.6333333333333334,0.043461349368017654,516,0.5666666666666667,0.65,0.6166666666666667,0.6333333333333333,0.7,0.4097179412841797,0.017099285125732423
sqrt,5,0.0464159,0.1,20,0.7033333333333334,0.09213516640723504,287,0.5666666666666667,0.6333333333333333,0.8,0.7166666666666667,0.8,0.4119436264038086,0.017201948165893554
sqrt,5,0.0464159,0.1,50,0.7566666666666666,0.0891939210683977,78,0.7333333333333334,0.6333333333333333,0.9,0.7166666666666667,0.8,0.4142595767974854,0.017298126220703126
sqrt,5,0.0464159,0.3,5,0.6733333333333332,0.08602325267042628,386,0.6333333333333333,0.65,0.7333333333333334,0.55,0.8,0.40922322273254397,0.01699528694152832
sqrt,5,0.0464159,0.3,10,0.7433333333333334,0.09580071908799943,112,0.65,0.65,0.8,0.7166666666666667,0.9,0.41141042709350584,0.018986082077026366
sqrt,5,0.0464159,0.3,20,0.7566666666666667,0.08981462390204986,76,0.65,0.8166666666666667,0.7,0.7166666666666667,0.9,0.4107522964477539,0.017186832427978516
sqrt,5,0.0464159,0.3,50,0.7333333333333334,0.0674948557710553,160,0.7333333333333334,0.6166666666666667,0.8,0.7166666666666667,0.8,0.41422076225280763,0.0171109676361084
sqrt,5,0.0464159,0.5,5,0.5700000000000001,0.11944315244779279,682,0.6333333333333333,0.3833333333333333,0.7333333333333334,0.5,0.6000000000000001,0.3995219707489014,0.017024898529052736
sqrt,5,0.0464159,0.5,10,0.6000000000000001,0.11303883305208783,619,0.7166666666666667,0.45,0.7333333333333334,0.5,0.6000000000000001,0.4007352352142334,0.017348575592041015
sqrt,5,0.0464159,0.5,20,0.5599999999999999,0.06716480559869961,690,0.5166666666666667,0.6333333333333333,0.65,0.5,0.5,0.3998898506164551,0.017332172393798827
sqrt,5,0.0464159,0.5,50,0.61,0.10306416555826871,615,0.5166666666666667,0.6333333333333333,0.7333333333333334,0.4666666666666667,0.7,0.4046942234039307,0.01719942092895508
sqrt,5,0.0464159,0.7,5,0.63,0.09683892697555968,527,0.6333333333333333,0.8,0.6166666666666667,0.5,0.6000000000000001,0.3919504642486572,0.01701631546020508
sqrt,5,0.0464159,0.7,10,0.6466666666666667,0.10022197585581938,439,0.6333333333333333,0.8,0.7,0.5,0.6000000000000001,0.3942868709564209,0.01724100112915039
sqrt,5,0.0464159,0.7,20,0.5733333333333334,0.07999999999999999,660,0.6333333333333333,0.7,0.5333333333333333,0.5,0.5,0.39476165771484373,0.016939592361450196
sqrt,5,0.0464159,0.7,50,0.5933333333333334,0.08730533902472529,621,0.65,0.5166666666666667,0.6333333333333333,0.4666666666666667,0.7,0.400647497177124,0.017378473281860353
sqrt,5,0.0464159,0.9,5,0.63,0.09683892697555968,527,0.6333333333333333,0.8,0.6166666666666667,0.5,0.6000000000000001,0.3918299674987793,0.016902399063110352
sqrt,5,0.0464159,0.9,10,0.6466666666666667,0.10022197585581938,439,0.6333333333333333,0.8,0.7,0.5,0.6000000000000001,0.3947908401489258,0.017155981063842772
sqrt,5,0.0464159,0.9,20,0.5733333333333334,0.07999999999999999,660,0.6333333333333333,0.7,0.5333333333333333,0.5,0.5,0.39544119834899905,0.017337512969970704
sqrt,5,0.0464159,0.9,50,0.5933333333333334,0.08730533902472529,621,0.65,0.5166666666666667,0.6333333333333333,0.4666666666666667,0.7,0.3990443706512451,0.017400121688842772
sqrt,5,0.16681,0.1,5,0.7633333333333334,0.141578403877302,42,0.8333333333333333,0.6333333333333333,0.7333333333333334,0.6166666666666667,1.0,0.43482112884521484,0.017212486267089842
sqrt,5,0.16681,0.1,10,0.6333333333333334,0.043461349368017654,516,0.5666666666666667,0.6166666666666667,0.65,0.6333333333333333,0.7,0.4375932216644287,0.017081022262573242
sqrt,5,0.16681,0.1,20,0.7033333333333334,0.06446359868604572,287,0.65,0.7166666666666667,0.8166666666666667,0.6333333333333333,0.7,0.43688440322875977,0.017255401611328124
sqrt,5,0.16681,0.1,50,0.6666666666666667,0.11832159566199232,411,0.65,0.45,0.7166666666666667,0.7166666666666667,0.8,0.4390467643737793,0.017351675033569335
sqrt,5,0.16681,0.3,5,0.6366666666666667,0.04876246279442595,512,0.55,0.65,0.65,0.6333333333333333,0.7,0.4424155235290527,0.01730833053588867
sqrt,5,0.16681,0.3,10,0.6333333333333334,0.09486832980505139,516,0.65,0.5333333333333333,0.55,0.6333333333333333,0.8,0.4423548698425293,0.017035913467407227
sqrt,5,0.16681,0.3,20,0.7066666666666667,0.09865765724632494,268,0.65,0.55,0.8166666666666667,0.7166666666666667,0.8,0.4449416160583496,0.017178916931152345
sqrt,5,0.16681,0.3,50,0.7566666666666667,0.1284955684493092,76,0.7333333333333334,0.6166666666666667,0.7166666666666667,0.7166666666666667,1.0,0.4478727340698242,0.01740107536315918
sqrt,5,0.16681,0.5,5,0.6166666666666666,0.12780193008453875,602,0.3666666666666667,0.65,0.65,0.7166666666666667,0.7,0.44284858703613283,0.016964244842529296
sqrt,5,0.16681,0.5,10,0.6933333333333332,0.12409673645990857,327,0.65,0.5333333333333333,0.75,0.6333333333333333,0.9,0.44382643699645996,0.017564678192138673
sqrt,5,0.16681,0.5,20,0.7033333333333334,0.10402991022884824,287,0.65,0.6333333333333333,0.6166666666666667,0.7166666666666667,0.9,0.4462608814239502,0.01702580451965332
sqrt,5,0.16681,0.5,50,0.75,0.07527726527090811,91,0.7166666666666667,0.7166666666666667,0.7,0.7166666666666667,0.9,0.44964070320129396,0.01734027862548828
sqrt,5,0.16681,0.7,5,0.6033333333333333,0.14275075403575904,616,0.3666666666666667,0.65,0.65,0.55,0.8,0.43946099281311035,0.01739492416381836
sqrt,5,0.16681,0.7,10,0.6533333333333333,0.0852447456836295,431,0.5333333333333333,0.65,0.65,0.6333333333333333,0.8,0.44037861824035646,0.0170928955078125
sqrt,5,0.16681,0.7,20,0.69,0.1540562667772179,345,0.43333333333333335,0.7333333333333334,0.75,0.6333333333333333,0.9,0.4393024444580078,0.01734166145324707
sqrt,5,0.16681,0.7,50,0.68,0.09030811456096045,378,0.5333333333333333,0.7166666666666667,0.6333333333333333,0.7166666666666667,0.8,0.44262990951538084,0.017194032669067383
sqrt,5,0.16681,0.9,5,0.6033333333333333,0.14275075403575904,616,0.3666666666666667,0.65,0.65,0.55,0.8,0.4373894691467285,0.017188501358032227
sqrt,5,0.16681,0.9,10,0.7066666666666667,0.1167142760000773,268,0.55,0.7333333333333334,0.6333333333333333,0.7166666666666667,0.9,0.4382434368133545,0.017207860946655273
sqrt,5,0.16681,0.9,20,0.7100000000000001,0.1147945023848171,257,0.55,0.7333333333333334,0.65,0.7166666666666667,0.9,0.44007887840271,0.017046737670898437
sqrt,5,0.16681,0.9,50,0.6433333333333333,0.10413666234542207,510,0.5333333333333333,0.5333333333333333,0.6333333333333333,0.7166666666666667,0.8,0.44309511184692385,0.017361927032470702
sqrt,5,0.599484,0.1,5,0.6199999999999999,0.17139946842909923,598,0.3833333333333333,0.65,0.65,0.5166666666666667,0.9,0.4975128173828125,0.017580461502075196
sqrt,5,0.599484,0.1,10,0.6733333333333332,0.03741657386773943,386,0.65,0.7333333333333334,0.65,0.6333333333333333,0.7,0.49773211479187013,0.017117929458618165
sqrt,5,0.599484,0.1,20,0.6666666666666667,0.09603240193925287,411,0.55,0.7333333333333334,0.8166666666666667,0.6333333333333333,0.6000000000000001,0.49901089668273924,0.017150068283081056
sqrt,5,0.599484,0.1,50,0.6666666666666667,0.15491933384829668,411,0.55,0.45,0.7166666666666667,0.7166666666666667,0.9,0.5025459289550781,0.017082023620605468
sqrt,5,0.599484,0.3,5,0.6533333333333333,0.12710450643291746,431,0.5666666666666667,0.6333333333333333,0.55,0.6166666666666667,0.9,0.511317777633667,0.01740570068359375
sqrt,5,0.599484,0.3,10,0.6733333333333332,0.06377042156569666,386,0.65,0.6333333333333333,0.65,0.6333333333333333,0.8,0.5125518321990967,0.017136096954345703
sqrt,5,0.599484,0.3,20,0.7466666666666667,0.10077477638553983,99,0.65,0.7333333333333334,0.8166666666666667,0.6333333333333333,0.9,0.5145177841186523,0.017085790634155273
sqrt,5,0.599484,0.3,50,0.7066666666666667,0.10143416036468628,268,0.65,0.6333333333333333,0.7166666666666667,0.6333333333333333,0.9,0.5180603981018066,0.017267990112304687
sqrt,5,0.599484,0.5,5,0.6333333333333334,0.11690451944500123,516,0.43333333333333335,0.65,0.65,0.6333333333333333,0.8,0.5337697029113769,0.017033863067626952
sqrt,5,0.599484,0.5,10,0.69,0.12274635093014648,345,0.7333333333333334,0.5333333333333333,0.65,0.6333333333333333,0.9,0.5348516941070557,0.01711592674255371
sqrt,5,0.599484,0.5,20,0.7233333333333334,0.054365021434333624,190,0.65,0.7333333333333334,0.8166666666666667,0.7166666666666667,0.7,0.5350412845611572,0.017313337326049803
sqrt,5,0.599484,0.5,50,0.7,0.10593499054713804,314,0.6333333333333333,0.5333333333333333,0.8166666666666667,0.7166666666666667,0.8,0.5387022972106934,0.017348861694335936
sqrt,5,0.599484,0.7,5,0.6733333333333332,0.06377042156569666,386,0.6333333333333333,0.65,0.65,0.6333333333333333,0.8,0.5400992393493652,0.01700453758239746
sqrt,5,0.599484,0.7,10,0.69,0.10572501018102472,345,0.65,0.6166666666666667,0.65,0.6333333333333333,0.9,0.546257209777832,0.017544364929199217
sqrt,5,0.599484,0.7,20,0.7466666666666667,0.10077477638553983,99,0.65,0.8166666666666667,0.7333333333333334,0.6333333333333333,0.9,0.5435519218444824,0.01740126609802246
sqrt,5,0.599484,0.7,50,0.78,0.06944222218666551,12,0.8166666666666667,0.7333333333333334,0.7333333333333334,0.7166666666666667,0.9,0.5466922760009766,0.01730175018310547
sqrt,5,0.599484,0.9,5,0.6699999999999999,0.032317865716108854,407,0.6333333333333333,0.65,0.65,0.7166666666666667,0.7,0.5328598976135254,0.01697201728820801
sqrt,5,0.599484,0.9,10,0.6466666666666667,0.08653836657164782,439,0.5333333333333333,0.6166666666666667,0.65,0.6333333333333333,0.8,0.5299141883850098,0.017253589630126954
sqrt,5,0.599484,0.9,20,0.73,0.138001610296563,162,0.65,0.7166666666666667,0.65,0.6333333333333333,1.0,0.5307746887207031,0.017319107055664064
sqrt,5,0.599484,0.9,50,0.7366666666666667,0.138001610296563,152,0.7166666666666667,0.6166666666666667,0.6333333333333333,0.7166666666666667,1.0,0.5343885898590088,0.01730203628540039
sqrt,5,2.15443,0.1,5,0.6133333333333333,0.17074997966487596,608,0.3833333333333333,0.6166666666666667,0.65,0.5166666666666667,0.9,0.6054136276245117,0.01726365089416504
sqrt,5,2.15443,0.1,10,0.71,0.10519822558706333,258,0.8333333333333333,0.55,0.7333333333333334,0.6333333333333333,0.8,0.6017279148101806,0.017582511901855467
sqrt,5,2.15443,0.1,20,0.7233333333333333,0.0592546294487706,209,0.7333333333333334,0.7333333333333334,0.8166666666666667,0.6333333333333333,0.7,0.6021877765655518,0.017096567153930663
sqrt,5,2.15443,0.1,50,0.7,0.13864422895390283,314,0.7333333333333334,0.43333333333333335,0.8166666666666667,0.7166666666666667,0.8,0.6066207885742188,0.017162084579467773
sqrt,5,2.15443,0.3,5,0.6766666666666666,0.16819301082057156,381,0.3833333333333333,0.7333333333333334,0.65,0.7166666666666667,0.9,0.6407678127288818,0.017339611053466798
sqrt,5,2.15443,0.3,10,0.6733333333333332,0.06377042156569666,386,0.65,0.6333333333333333,0.65,0.6333333333333333,0.8,0.6421649932861329,0.017487859725952147
sqrt,5,2.15443,0.3,20,0.6866666666666665,0.06944222218666553,367,0.65,0.6333333333333333,0.8166666666666667,0.6333333333333333,0.7,0.6439918518066406,0.017286968231201173
sqrt,5,2.15443,0.3,50,0.7233333333333334,0.15151090903151349,190,0.7333333333333334,0.45,0.8166666666666667,0.7166666666666667,0.9,0.6455648899078369,0.01724896430969238
sqrt,5,2.15443,0.5,5,0.7266666666666667,0.10143416036468626,182,0.75,0.7333333333333334,0.6333333333333333,0.6166666666666667,0.9,0.6802675247192382,0.017369794845581054
sqrt,5,2.15443,0.5,10,0.6366666666666667,0.04876246279442595,512,0.65,0.55,0.65,0.6333333333333333,0.7,0.684836483001709,0.017177915573120116
sqrt,5,2.15443,0.5,20,0.6833333333333333,0.07673909622147557,368,0.65,0.7166666666666667,0.8166666666666667,0.6333333333333333,0.6000000000000001,0.6851154327392578,0.01710343360900879
sqrt,5,2.15443,0.5,50,0.72,0.12970050972229147,224,0.6333333333333333,0.5333333333333333,0.8166666666666667,0.7166666666666667,0.9,0.6904891967773438,0.017157983779907227
sqrt,5,2.15443,0.7,5,0.71,0.10198039027185571,258,0.6333333333333333,0.7333333333333334,0.65,0.6333333333333333,0.9,0.7209243297576904,0.017238044738769533
sqrt,5,2.15443,0.7,10,0.6533333333333333,0.02449489742783177,431,0.65,0.6333333333333333,0.65,0.6333333333333333,0.7,0.7210777759552002,0.01713724136352539
sqrt,5,2.15443,0.7,20,0.7200000000000001,0.05416025603090639,221,0.65,0.7166666666666667,0.8166666666666667,0.7166666666666667,0.7,0.7251304149627685,0.017285728454589845
sqrt,5,2.15443,0.7,50,0.7366666666666667,0.08781293248212994,152,0.6333333333333333,0.7166666666666667,0.7166666666666667,0.7166666666666667,0.9,0.7277561664581299,0.01734051704406738
sqrt,5,2.15443,0.9,5,0.6933333333333332,0.10360180178613371,327,0.6333333333333333,0.65,0.65,0.6333333333333333,0.9,0.7089239597320557,0.01714954376220703
sqrt,5,2.15443,0.9,10,0.6733333333333332,0.06377042156569666,386,0.65,0.6333333333333333,0.65,0.6333333333333333,0.8,0.7100613594055176,0.017325353622436524
sqrt,5,2.15443,0.9,20,0.69,0.12274635093014648,345,0.65,0.5333333333333333,0.7333333333333334,0.6333333333333333,0.9,0.713416576385498,0.017269086837768555
sqrt,5,2.15443,0.9,50,0.7566666666666666,0.07195677714974302,78,0.6333333333333333,0.8166666666666667,0.8166666666666667,0.7166666666666667,0.8,0.7185553073883056,0.017303037643432616
sqrt,5,7.74264,0.1,5,0.5933333333333334,0.09345230512584123,621,0.6333333333333333,0.43333333333333335,0.65,0.55,0.7,0.633655309677124,0.01726498603820801
sqrt,5,7.74264,0.1,10,0.6933333333333334,0.06463573143221775,323,0.6666666666666666,0.6333333333333333,0.7333333333333334,0.6333333333333333,0.8,0.6357801914215088,0.01715874671936035
sqrt,5,7.74264,0.1,20,0.7666666666666667,0.13374935098492585,38,0.65,0.8166666666666667,0.7333333333333334,0.6333333333333333,1.0,0.636650562286377,0.017314720153808593
sqrt,5,7.74264,0.1,50,0.6833333333333333,0.12064640713902573,368,0.7333333333333334,0.45,0.7166666666666667,0.7166666666666667,0.8,0.6469356536865234,0.017148494720458984
sqrt,5,7.74264,0.3,5,0.5399999999999999,0.1008849730028104,746,0.3833333333333333,0.65,0.65,0.5166666666666667,0.5,0.8012806415557862,0.01695423126220703
sqrt,5,7.74264,0.3,10,0.6733333333333332,0.09345230512584125,386,0.75,0.5333333333333333,0.65,0.6333333333333333,0.8,0.8002615928649902,0.017482185363769533
sqrt,5,7.74264,0.3,20,0.7033333333333334,0.06863753427324668,287,0.7333333333333334,0.6333333333333333,0.8166666666666667,0.6333333333333333,0.7,0.8020295143127442,0.01744551658630371
sqrt,5,7.74264,0.3,50,0.7033333333333334,0.13224556283251582,287,0.7333333333333334,0.45,0.8166666666666667,0.7166666666666667,0.8,0.8064110755920411,0.017026567459106447
sqrt,5,7.74264,0.5,5,0.5566666666666666,0.20401524997465809,692,0.3833333333333333,0.3333333333333333,0.65,0.5166666666666667,0.9,0.8569961071014405,0.017499446868896484
sqrt,5,7.74264,0.5,10,0.6733333333333332,0.09345230512584121,386,0.8333333333333333,0.55,0.65,0.6333333333333333,0.7,0.8574197292327881,0.017240476608276368
sqrt,5,7.74264,0.5,20,0.7066666666666667,0.08339997335464537,268,0.65,0.6333333333333333,0.8166666666666667,0.6333333333333333,0.8,0.8633880615234375,0.017208051681518555
sqrt,5,7.74264,0.5,50,0.6666666666666666,0.13374935098492585,417,0.6333333333333333,0.45,0.8166666666666667,0.6333333333333333,0.8,0.8623242855072022,0.017263221740722656
sqrt,5,7.74264,0.7,5,0.5733333333333334,0.21411315803668968,660,0.3833333333333333,0.3333333333333333,0.7333333333333334,0.5166666666666667,0.9,0.8954122066497803,0.017278051376342772
sqrt,5,7.74264,0.7,10,0.6699999999999999,0.07023769168568493,407,0.7333333333333334,0.55,0.7333333333333334,0.6333333333333333,0.7,0.8833368301391602,0.01937079429626465
sqrt,5,7.74264,0.7,20,0.7233333333333333,0.07498147919467996,209,0.65,0.6333333333333333,0.8166666666666667,0.7166666666666667,0.8,0.8934413909912109,0.017458629608154298
sqrt,5,7.74264,0.7,50,0.6133333333333334,0.18451136670797397,603,0.55,0.35,0.7166666666666667,0.55,0.9,0.8875245571136474,0.01735658645629883
sqrt,5,7.74264,0.9,5,0.6866666666666666,0.12710450643291746,366,0.75,0.5333333333333333,0.6333333333333333,0.6166666666666667,0.9,0.9551289558410645,0.01718144416809082
sqrt,5,7.74264,0.9,10,0.6166666666666667,0.03800584750330458,600,0.65,0.55,0.65,0.6333333333333333,0.6000000000000001,0.9567513942718506,0.01878819465637207
sqrt,5,7.74264,0.9,20,0.7233333333333334,0.04784233364802442,190,0.65,0.7166666666666667,0.7333333333333334,0.7166666666666667,0.8,0.9620347499847413,0.01714167594909668
sqrt,5,7.74264,0.9,50,0.7,0.08881941729649487,314,0.6333333333333333,0.6166666666666667,0.8166666666666667,0.6333333333333333,0.8,0.9639707088470459,0.01718564033508301
sqrt,5,27.8256,0.1,5,0.5933333333333334,0.09345230512584123,621,0.6333333333333333,0.43333333333333335,0.65,0.55,0.7,0.6495827674865723,0.01700897216796875
sqrt,5,27.8256,0.1,10,0.7133333333333333,0.1002219758558194,247,0.6666666666666666,0.6333333333333333,0.7333333333333334,0.6333333333333333,0.9,0.648952865600586,0.016994762420654296
sqrt,5,27.8256,0.1,20,0.7833333333333333,0.12292725943057184,6,0.7333333333333334,0.8166666666666667,0.7333333333333334,0.6333333333333333,1.0,0.6505536079406739,0.017166662216186523
sqrt,5,27.8256,0.1,50,0.6666666666666667,0.11832159566199232,411,0.65,0.45,0.7166666666666667,0.7166666666666667,0.8,0.660145616531372,0.017269659042358398
sqrt,5,27.8256,0.3,5,0.5933333333333334,0.09345230512584123,621,0.6333333333333333,0.43333333333333335,0.65,0.55,0.7,0.7415492534637451,0.017555904388427735
sqrt,5,27.8256,0.3,10,0.6733333333333332,0.03887301263230203,386,0.6666666666666666,0.6333333333333333,0.7333333333333334,0.6333333333333333,0.7,0.742691946029663,0.017392444610595702
sqrt,5,27.8256,0.3,20,0.6866666666666668,0.03858612300930077,353,0.65,0.7166666666666667,0.7333333333333334,0.6333333333333333,0.7,0.744940710067749,0.017356729507446288
sqrt,5,27.8256,0.3,50,0.7,0.10593499054713804,314,0.6333333333333333,0.5333333333333333,0.8166666666666667,0.7166666666666667,0.8,0.7465175151824951,0.017401599884033205
sqrt,5,27.8256,0.5,5,0.6333333333333333,0.14681810363696826,523,0.48333333333333334,0.6166666666666667,0.65,0.5166666666666667,0.9,0.8927533149719238,0.017541027069091795
sqrt,5,27.8256,0.5,10,0.6900000000000001,0.09521904571390469,333,0.75,0.5333333333333333,0.7333333333333334,0.6333333333333333,0.8,0.8915327548980713,0.017388439178466795
sqrt,5,27.8256,0.5,20,0.7066666666666667,0.08339997335464537,268,0.65,0.6333333333333333,0.8166666666666667,0.6333333333333333,0.8,0.8940329551696777,0.017139387130737305
sqrt,5,27.8256,0.5,50,0.72,0.1161416759345623,224,0.7333333333333334,0.5333333333333333,0.7166666666666667,0.7166666666666667,0.9,0.8967629909515381,0.017322778701782227
sqrt,5,27.8256,0.7,5,0.5,0.0881917103688197,784,0.3833333333333333,0.45,0.65,0.5166666666666667,0.5,0.9584773063659668,0.01730456352233887
sqrt,5,27.8256,0.7,10,0.6933333333333332,0.12409673645990857,327,0.75,0.5333333333333333,0.65,0.6333333333333333,0.9,0.9598955631256103,0.017192935943603514
sqrt,5,27.8256,0.7,20,0.7066666666666667,0.06463573143221775,268,0.7333333333333334,0.6333333333333333,0.7333333333333334,0.6333333333333333,0.8,0.9608217239379883,0.01747574806213379
sqrt,5,27.8256,0.7,50,0.7033333333333334,0.18838494867926392,287,0.7333333333333334,0.35,0.8166666666666667,0.7166666666666667,0.9,0.9631608963012696,0.017399692535400392
sqrt,5,27.8256,0.9,5,0.5166666666666667,0.08498365855987976,767,0.3833333333333333,0.5333333333333333,0.65,0.5166666666666667,0.5,1.041570234298706,0.017184877395629884
sqrt,5,27.8256,0.9,10,0.6900000000000001,0.11135528725660043,333,0.8333333333333333,0.5333333333333333,0.65,0.6333333333333333,0.8,1.0433019638061523,0.017238378524780273
sqrt,5,27.8256,0.9,20,0.6866666666666668,0.04521553322083516,353,0.7333333333333334,0.6333333333333333,0.7333333333333334,0.6333333333333333,0.7,1.0428958415985108,0.01733822822570801
sqrt,5,27.8256,0.9,50,0.7233333333333333,0.12978614889287857,209,0.7333333333333334,0.5333333333333333,0.8166666666666667,0.6333333333333333,0.9,1.044597291946411,0.01706838607788086
sqrt,5,100.0,0.1,5,0.5933333333333334,0.09345230512584123,621,0.6333333333333333,0.43333333333333335,0.65,0.55,0.7,0.6924456119537353,0.017663002014160156
sqrt,5,100.0,0.1,10,0.7133333333333333,0.1002219758558194,247,0.6666666666666666,0.6333333333333333,0.7333333333333334,0.6333333333333333,0.9,0.6962368011474609,0.01733121871948242
sqrt,5,100.0,0.1,20,0.7266666666666667,0.12498888839501783,182,0.55,0.8166666666666667,0.7333333333333334,0.6333333333333333,0.9,0.6945474147796631,0.01743159294128418
sqrt,5,100.0,0.1,50,0.6666666666666667,0.11832159566199232,411,0.65,0.45,0.7166666666666667,0.7166666666666667,0.8,0.6970184803009033,0.017352771759033204
sqrt,5,100.0,0.3,5,0.5933333333333334,0.09345230512584123,621,0.6333333333333333,0.43333333333333335,0.65,0.55,0.7,0.6986375331878663,0.017191505432128905
sqrt,5,100.0,0.3,10,0.7133333333333333,0.1002219758558194,247,0.6666666666666666,0.6333333333333333,0.7333333333333334,0.6333333333333333,0.9,0.7041103839874268,0.017076778411865234
sqrt,5,100.0,0.3,20,0.7266666666666668,0.07498147919467997,166,0.65,0.8166666666666667,0.7333333333333334,0.6333333333333333,0.8,0.6984812259674072,0.017225933074951173
sqrt,5,100.0,0.3,50,0.6833333333333333,0.12064640713902573,368,0.7333333333333334,0.45,0.7166666666666667,0.7166666666666667,0.8,0.7026291847229004,0.017337846755981445
sqrt,5,100.0,0.5,5,0.5933333333333334,0.09345230512584123,621,0.6333333333333333,0.43333333333333335,0.65,0.55,0.7,0.7282150745391845,0.017323780059814452
sqrt,5,100.0,0.5,10,0.7133333333333333,0.1002219758558194,247,0.6666666666666666,0.6333333333333333,0.7333333333333334,0.6333333333333333,0.9,0.7198811054229737,0.017151546478271485
sqrt,5,100.0,0.5,20,0.7433333333333334,0.08666666666666667,112,0.7333333333333334,0.7166666666666667,0.7333333333333334,0.6333333333333333,0.9,0.7199262142181396,0.017182016372680665
sqrt,5,100.0,0.5,50,0.6833333333333333,0.12064640713902573,368,0.7333333333333334,0.45,0.7166666666666667,0.7166666666666667,0.8,0.7215851783752442,0.01740155220031738
sqrt,5,100.0,0.7,5,0.5933333333333334,0.09345230512584123,621,0.6333333333333333,0.43333333333333335,0.65,0.55,0.7,0.7477597236633301,0.017106056213378906
sqrt,5,100.0,0.7,10,0.7133333333333333,0.1002219758558194,247,0.6666666666666666,0.6333333333333333,0.7333333333333334,0.6333333333333333,0.9,0.7519364356994629,0.017051553726196288
sqrt,5,100.0,0.7,20,0.7266666666666667,0.09463379711052261,182,0.65,0.7166666666666667,0.7333333333333334,0.6333333333333333,0.9,0.7511661052703857,0.01740102767944336
sqrt,5,100.0,0.7,50,0.7233333333333334,0.15151090903151349,190,0.7333333333333334,0.45,0.8166666666666667,0.7166666666666667,0.9,0.7553046226501465,0.017187738418579103
sqrt,5,100.0,0.9,5,0.5933333333333334,0.09345230512584123,621,0.6333333333333333,0.43333333333333335,0.65,0.55,0.7,0.7921674728393555,0.01725482940673828
sqrt,5,100.0,0.9,10,0.6733333333333332,0.03887301263230203,386,0.6666666666666666,0.6333333333333333,0.7333333333333334,0.6333333333333333,0.7,0.7954411983489991,0.017348575592041015
sqrt,5,100.0,0.9,20,0.7066666666666667,0.06018490028422599,268,0.65,0.7166666666666667,0.7333333333333334,0.6333333333333333,0.8,0.7966878890991211,0.017278385162353516
sqrt,5,100.0,0.9,50,0.7033333333333334,0.13224556283251582,287,0.7333333333333334,0.45,0.8166666666666667,0.7166666666666667,0.8,0.7991815567016601,0.017297935485839844
0.3,1,0.001,0.1,5,0.63,0.11175369742826806,527,0.6333333333333333,0.8166666666666667,0.5333333333333333,0.6666666666666666,0.5,0.3998132228851318,0.017411184310913087
0.3,1,0.001,0.1,10,0.6466666666666667,0.12710450643291743,439,0.8333333333333333,0.6166666666666667,0.5333333333333333,0.75,0.5,0.40328474044799806,0.017466068267822266
0.3,1,0.001,0.1,20,0.51,0.142828568570857,768,0.5666666666666667,0.55,0.26666666666666666,0.4666666666666667,0.7,0.41350407600402833,0.017425537109375
0.3,1,0.001,0.1,50,0.5566666666666666,0.06289320754704403,692,0.6333333333333333,0.5333333333333333,0.45,0.5666666666666667,0.6000000000000001,0.4246321201324463,0.017699289321899413
0.3,1,0.001,0.3,5,0.63,0.11175369742826806,527,0.6333333333333333,0.8166666666666667,0.5333333333333333,0.6666666666666666,0.5,0.39902529716491697,0.017594099044799805
0.3,1,0.001,0.3,10,0.6466666666666667,0.12710450643291743,439,0.8333333333333333,0.6166666666666667,0.5333333333333333,0.75,0.5,0.403798246383667,0.017339801788330077
0.3,1,0.001,0.3,20,0.51,0.142828568570857,768,0.5666666666666667,0.55,0.26666666666666666,0.4666666666666667,0.7,0.412990665435791,0.01771883964538574
0.3,1,0.001,0.3,50,0.5566666666666666,0.06289320754704403,692,0.6333333333333333,0.5333333333333333,0.45,0.5666666666666667,0.6000000000000001,0.42567734718322753,0.017809343338012696
0.3,1,0.001,0.5,5,0.63,0.11175369742826806,527,0.6333333333333333,0.8166666666666667,0.5333333333333333,0.6666666666666666,0.5,0.3999926567077637,0.017454767227172853
0.3,1,0.001,0.5,10,0.6466666666666667,0.12710450643291743,439,0.8333333333333333,0.6166666666666667,0.5333333333333333,0.75,0.5,0.40454764366149903,0.01759028434753418
0.3,1,0.001,0.5,20,0.51,0.142828568570857,768,0.5666666666666667,0.55,0.26666666666666666,0.4666666666666667,0.7,0.4134674549102783,0.01746816635131836
0.3,1,0.001,0.5,50,0.5566666666666666,0.06289320754704403,692,0.6333333333333333,0.5333333333333333,0.45,0.5666666666666667,0.6000000000000001,0.43451080322265623,0.017696857452392578
0.3,1,0.001,0.7,5,0.63,0.11175369742826806,527,0.6333333333333333,0.8166666666666667,0.5333333333333333,0.6666666666666666,0.5,0.3985738277435303,0.01714811325073242
0.3,1,0.001,0.7,10,0.6466666666666667,0.12710450643291743,439,0.8333333333333333,0.6166666666666667,0.5333333333333333,0.75,0.5,0.4028494358062744,0.017137718200683594
0.3,1,0.001,0.7,20,0.51,0.142828568570857,768,0.5666666666666667,0.55,0.26666666666666666,0.4666666666666667,0.7,0.4122246265411377,0.017422008514404296
0.3,1,0.001,0.7,50,0.5566666666666666,0.06289320754704403,692,0.6333333333333333,0.5333333333333333,0.45,0.5666666666666667,0.6000000000000001,0.4257650375366211,0.017263507843017577
0.3,1,0.001,0.9,5,0.63,0.11175369742826806,527,0.6333333333333333,0.8166666666666667,0.5333333333333333,0.6666666666666666,0.5,0.4006364822387695,0.01734027862548828
0.3,1,0.001,0.9,10,0.6466666666666667,0.12710450643291743,439,0.8333333333333333,0.6166666666666667,0.5333333333333333,0.75,0.5,0.4030457496643066,0.017301273345947266
0.3,1,0.001,0.9,20,0.51,0.142828568570857,768,0.5666666666666667,0.55,0.26666666666666666,0.4666666666666667,0.7,0.4121610164642334,0.017308378219604494
0.3,1,0.001,0.9,50,0.5566666666666666,0.06289320754704403,692,0.6333333333333333,0.5333333333333333,0.45,0.5666666666666667,0.6000000000000001,0.42510485649108887,0.01742391586303711
0.3,1,0.00359381,0.1,5,0.63,0.11175369742826806,527,0.6333333333333333,0.8166666666666667,0.5333333333333333,0.6666666666666666,0.5,0.39833688735961914,0.01757655143737793
0.3,1,0.00359381,0.1,10,0.6466666666666667,0.12710450643291743,439,0.8333333333333333,0.6166666666666667,0.5333333333333333,0.75,0.5,0.4048039436340332,0.017362546920776368
0.3,1,0.00359381,0.1,20,0.51,0.142828568570857,768,0.5666666666666667,0.55,0.26666666666666666,0.4666666666666667,0.7,0.4134246826171875,0.017665815353393555
0.3,1,0.00359381,0.1,50,0.5566666666666666,0.06289320754704403,692,0.6333333333333333,0.5333333333333333,0.45,0.5666666666666667,0.6000000000000001,0.42771401405334475,0.017553186416625975
0.3,1,0.00359381,0.3,5,0.63,0.11175369742826806,527,0.6333333333333333,0.8166666666666667,0.5333333333333333,0.6666666666666666,0.5,0.4014388084411621,0.01730198860168457
0.3,1,0.00359381,0.3,10,0.6466666666666667,0.12710450643291743,439,0.8333333333333333,0.6166666666666667,0.5333333333333333,0.75,0.5,0.40520620346069336,0.01728029251098633
0.3,1,0.00359381,0.3,20,0.51,0.142828568570857,768,0.5666666666666667,0.55,0.26666666666666666,0.4666666666666667,0.7,0.413893461227417,0.01740093231201172
0.3,1,0.00359381,0.3,50,0.5566666666666666,0.06289320754704403,692,0.6333333333333333,0.5333333333333333,0.45,0.5666666666666667,0.6000000000000001,0.42625951766967773,0.017334365844726564
0.3,1,0.00359381,0.5,5,0.63,0.11175369742826806,527,0.6333333333333333,0.8166666666666667,0.5333333333333333,0.6666666666666666,0.5,0.4013106346130371,0.017318296432495116
0.3,1,0.00359381,0.5,10,0.6466666666666667,0.12710450643291743,439,0.8333333333333333,0.6166666666666667,0.5333333333333333,0.75,0.5,0.4043320655822754,0.01704120635986328
0.3,1,0.00359381,0.5,20,0.51,0.142828568570857,768,0.5666666666666667,0.55,0.26666666666666666,0.4666666666666667,0.7,0.4134110450744629,0.01744499206542969
0.3,1,0.00359381,0.5,50,0.5566666666666666,0.06289320754704403,692,0.6333333333333333,0.5333333333333333,0.45,0.5666666666666667,0.6000000000000001,0.42414088249206544,0.017354154586791994
0.3,1,0.00359381,0.7,5,0.63,0.11175369742826806,527,0.6333333333333333,0.8166666666666667,0.5333333333333333,0.6666666666666666,0.5,0.3988351345062256,0.017225980758666992
0.3,1,0.00359381,0.7,10,0.6466666666666667,0.12710450643291743,439,0.8333333333333333,0.6166666666666667,0.5333333333333333,0.75,0.5,0.40524468421936033,0.017354297637939452
0.3,1,0.00359381,0.7,20,0.51,0.142828568570857,768,0.5666666666666667,0.55,0.26666666666666666,0.4666666666666667,0.7,0.41396570205688477,0.01750502586364746
0.3,1,0.00359381,0.7,50,0.5566666666666666,0.06289320754704403,692,0.6333333333333333,0.5333333333333333,0.45,0.5666666666666667,0.6000000000000001,0.4251354217529297,0.017502784729003906
0.3,1,0.00359381,0.9,5,0.63,0.11175369742826806,527,0.6333333333333333,0.8166666666666667,0.5333333333333333,0.6666666666666666,0.5,0.4003910064697266,0.017323684692382813
0.3,1,0.00359381,0.9,10,0.6466666666666667,0.12710450643291743,439,0.8333333333333333,0.6166666666666667,0.5333333333333333,0.75,0.5,0.40434627532958983,0.017252254486083984
0.3,1,0.00359381,0.9,20,0.51,0.142828568570857,768,0.5666666666666667,0.55,0.26666666666666666,0.4666666666666667,0.7,0.41232905387878416,0.017658376693725587
0.3,1,0.00359381,0.9,50,0.5566666666666666,0.06289320754704403,692,0.6333333333333333,0.5333333333333333,0.45,0.5666666666666667,0.6000000000000001,0.431673526763916,0.017253780364990236
0.3,1,0.0129155,0.1,5,0.7466666666666667,0.08259674462242578,99,0.7333333333333334,0.65,0.7166666666666667,0.7333333333333334,0.9,0.40746288299560546,0.017394256591796876
0.3,1,0.0129155,0.1,10,0.7633333333333334,0.09854496999396321,42,0.65,0.65,0.8,0.8166666666666667,0.9,0.41206936836242675,0.017066431045532227
0.3,1,0.0129155,0.1,20,0.7466666666666667,0.08259674462242578,99,0.7333333333333334,0.65,0.7166666666666667,0.7333333333333334,0.9,0.41681456565856934,0.017397212982177734
0.3,1,0.0129155,0.1,50,0.7766666666666666,0.1186029791643813,31,0.8166666666666667,0.55,0.9,0.8166666666666667,0.8,0.4318392276763916,0.017608451843261718
0.3,1,0.0129155,0.3,5,0.63,0.11175369742826806,527,0.6333333333333333,0.8166666666666667,0.5333333333333333,0.6666666666666666,0.5,0.3991710186004639,0.01747102737426758
0.3,1,0.0129155,0.3,10,0.6466666666666667,0.12710450643291743,439,0.8333333333333333,0.6166666666666667,0.5333333333333333,0.75,0.5,0.40450201034545896,0.01739640235900879
0.3,1,0.0129155,0.3,20,0.51,0.142828568570857,768,0.5666666666666667,0.55,0.26666666666666666,0.4666666666666667,0.7,0.4123276710510254,0.0174837589263916
0.3,1,0.0129155,0.3,50,0.5566666666666666,0.06289320754704403,692,0.6333333333333333,0.5333333333333333,0.45,0.5666666666666667,0.6000000000000001,0.42765030860900877,0.017734003067016602
0.3,1,0.0129155,0.5,5,0.63,0.11175369742826806,527,0.6333333333333333,0.8166666666666667,0.5333333333333333,0.6666666666666666,0.5,0.39902615547180176,0.01732344627380371
0.3,1,0.0129155,0.5,10,0.6466666666666667,0.12710450643291743,439,0.8333333333333333,0.6166666666666667,0.5333333333333333,0.75,0.5,0.40361828804016114,0.017479610443115235
0.3,1,0.0129155,0.5,20,0.51,0.142828568570857,768,0.5666666666666667,0.55,0.26666666666666666,0.4666666666666667,0.7,0.41349401473999026,0.017298555374145506
0.3,1,0.0129155,0.5,50,0.5566666666666666,0.06289320754704403,692,0.6333333333333333,0.5333333333333333,0.45,0.5666666666666667,0.6000000000000001,0.4453232765197754,0.017467832565307616
0.3,1,0.0129155,0.7,5,0.63,0.11175369742826806,527,0.6333333333333333,0.8166666666666667,0.5333333333333333,0.6666666666666666,0.5,0.39854989051818845,0.017554092407226562
0.3,1,0.0129155,0.7,10,0.6466666666666667,0.12710450643291743,439,0.8333333333333333,0.6166666666666667,0.5333333333333333,0.75,0.5,0.40411791801452634,0.01755948066711426
0.3,1,0.0129155,0.7,20,0.51,0.142828568570857,768,0.5666666666666667,0.55,0.26666666666666666,0.4666666666666667,0.7,0.41263785362243655,0.017791080474853515
0.3,1,0.0129155,0.7,50,0.5566666666666666,0.06289320754704403,692,0.6333333333333333,0.5333333333333333,0.45,0.5666666666666667,0.6000000000000001,0.4252939224243164,0.017418956756591795
0.3,1,0.0129155,0.9,5,0.63,0.11175369742826806,527,0.6333333333333333,0.8166666666666667,0.5333333333333333,0.6666666666666666,0.5,0.3991732597351074,0.01767425537109375
0.3,1,0.0129155,0.9,10,0.6466666666666667,0.12710450643291743,439,0.8333333333333333,0.6166666666666667,0.5333333333333333,0.75,0.5,0.4037478923797607,0.017383384704589843
0.3,1,0.0129155,0.9,20,0.51,0.142828568570857,768,0.5666666666666667,0.55,0.26666666666666666,0.4666666666666667,0.7,0.4132678031921387,0.01726388931274414
0.3,1,0.0129155,0.9,50,0.5566666666666666,0.06289320754704403,692,0.6333333333333333,0.5333333333333333,0.45,0.5666666666666667,0.6000000000000001,0.4253073215484619,0.017313098907470702
0.3,1,0.0464159,0.1,5,0.7133333333333334,0.17301252363147973,246,0.48333333333333334,0.55,0.9,0.7333333333333334,0.9,0.4156825542449951,0.01730937957763672
0.3,1,0.0464159,0.1,10,0.7633333333333333,0.0644635986860457,54,0.7333333333333334,0.65,0.8166666666666667,0.8166666666666667,0.8,0.4205960273742676,0.017522001266479494
0.3,1,0.0464159,0.1,20,0.7766666666666666,0.1364632632697248,31,0.6333333333333333,0.6333333333333333,1.0,0.8166666666666667,0.8,0.4246633529663086,0.017177677154541014
0.3,1,0.0464159,0.1,50,0.76,0.16686654681045102,62,0.6333333333333333,0.55,1.0,0.7166666666666667,0.9,0.43611855506896974,0.017681217193603514
0.3,1,0.0464159,0.3,5,0.7833333333333333,0.08498365855987973,6,0.65,0.7333333333333334,0.8166666666666667,0.8166666666666667,0.9,0.41613316535949707,0.01744551658630371
0.3,1,0.0464159,0.3,10,0.8,0.1224744871391589,1,0.65,0.65,0.9,0.9,0.9,0.41973366737365725,0.017682504653930665
0.3,1,0.0464159,0.3,20,0.7799999999999999,0.11709445380166865,26,0.6333333333333333,0.65,0.8166666666666667,0.9,0.9,0.42607665061950684,0.017412424087524414
0.3,1,0.0464159,0.3,50,0.7033333333333334,0.10402991022884822,287,0.6333333333333333,0.55,0.8166666666666667,0.8166666666666667,0.7,0.4408900260925293,0.017438936233520507
0.3,1,0.0464159,0.5,5,0.58,0.12174654911833116,656,0.6333333333333333,0.3833333333333333,0.7166666666666667,0.6666666666666666,0.5,0.4059003353118896,0.017256498336791992
0.3,1,0.0464159,0.5,10,0.6133333333333334,0.11850925889754119,603,0.7166666666666667,0.45,0.65,0.75,0.5,0.41182923316955566,0.01743016242980957
0.3,1,0.0464159,0.5,20,0.5666666666666667,0.09486832980505137,686,0.55,0.4666666666666667,0.65,0.4666666666666667,0.7,0.4180750846862793,0.017320537567138673
0.3,1,0.0464159,0.5,50,0.5733333333333334,0.09463379711052261,660,0.5166666666666667,0.45,0.7333333333333334,0.5666666666666667,0.6000000000000001,0.43234858512878416,0.017303848266601564
0.3,1,0.0464159,0.7,5,0.63,0.11175369742826806,527,0.6333333333333333,0.8166666666666667,0.5333333333333333,0.6666666666666666,0.5,0.3993957042694092,0.017307424545288087
0.3,1,0.0464159,0.7,10,0.6466666666666667,0.12710450643291743,439,0.8333333333333333,0.6166666666666667,0.5333333333333333,0.75,0.5,0.40264554023742677,0.017271661758422853
0.3,1,0.0464159,0.7,20,0.51,0.142828568570857,768,0.5666666666666667,0.55,0.26666666666666666,0.4666666666666667,0.7,0.4128694534301758,0.017342805862426758
0.3,1,0.0464159,0.7,50,0.5566666666666666,0.06289320754704403,692,0.6333333333333333,0.5333333333333333,0.45,0.5666666666666667,0.6000000000000001,0.42597508430480957,0.01719498634338379
0.3,1,0.0464159,0.9,5,0.63,0.11175369742826806,527,0.6333333333333333,0.8166666666666667,0.5333333333333333,0.6666666666666666,0.5,0.401302433013916,0.01707763671875
0.3,1,0.0464159,0.9,10,0.6466666666666667,0.12710450643291743,439,0.8333333333333333,0.6166666666666667,0.5333333333333333,0.75,0.5,0.4033717155456543,0.017296743392944337
0.3,1,0.0464159,0.9,20,0.51,0.142828568570857,768,0.5666666666666667,0.55,0.26666666666666666,0.4666666666666667,0.7,0.415673828125,0.01776432991027832
0.3,1,0.0464159,0.9,50,0.5566666666666666,0.06289320754704403,692,0.6333333333333333,0.5333333333333333,0.45,0.5666666666666667,0.6000000000000001,0.42725472450256347,0.01751708984375
0.3,1,0.16681,0.1,5,0.7433333333333334,0.10198039027185568,112,0.8333333333333333,0.7333333333333334,0.8,0.55,0.8,0.4441230773925781,0.017214202880859376
0.3,1,0.16681,0.1,10,0.7233333333333334,0.013333333333333374,190,0.7333333333333334,0.7166666666666667,0.7333333333333334,0.7333333333333334,0.7,0.4469130992889404,0.017306709289550783
0.3,1,0.16681,0.1,20,0.7233333333333333,0.0793025150224688,209,0.65,0.6333333333333333,0.8166666666666667,0.8166666666666667,0.7,0.4509237289428711,0.017484235763549804
0.3,1,0.16681,0.1,50,0.74,0.1284955684493092,130,0.6333333333333333,0.55,0.8,0.8166666666666667,0.9,0.46537466049194337,0.01721796989440918
0.3,1,0.16681,0.3,5,0.77,0.11944315244779277,36,0.5833333333333334,0.7333333333333334,0.9,0.7333333333333334,0.9,0.44771814346313477,0.01736760139465332
0.3,1,0.16681,0.3,10,0.72,0.11614167593456232,224,0.6333333333333333,0.5333333333333333,0.8166666666666667,0.8166666666666667,0.8,0.4526671886444092,0.01777496337890625
0.3,1,0.16681,0.3,20,0.7366666666666667,0.141578403877302,152,0.6333333333333333,0.55,0.9,0.9,0.7,0.4562546730041504,0.017151069641113282
0.3,1,0.16681,0.3,50,0.7633333333333334,0.18360585805227211,42,0.55,0.55,1.0,0.8166666666666667,0.9,0.4710057735443115,0.017393732070922853
0.3,1,0.16681,0.5,5,0.75,0.1527525231651947,91,0.48333333333333334,0.7333333333333334,0.9,0.7333333333333334,0.9,0.45221147537231443,0.0179232120513916
0.3,1,0.16681,0.5,10,0.7233333333333334,0.1323295549418614,190,0.7333333333333334,0.5333333333333333,0.9166666666666667,0.6333333333333333,0.8,0.45466952323913573,0.01725616455078125
0.3,1,0.16681,0.5,20,0.7599999999999999,0.10780641085864155,75,0.6333333333333333,0.6333333333333333,0.8166666666666667,0.8166666666666667,0.9,0.45951156616210936,0.017539834976196288
0.3,1,0.16681,0.5,50,0.74,0.1284955684493092,130,0.6333333333333333,0.55,0.9,0.8166666666666667,0.8,0.4754021644592285,0.017578697204589842
0.3,1,0.16681,0.7,5,0.7499999999999999,0.14337208778404378,97,0.48333333333333334,0.7333333333333334,0.8166666666666667,0.8166666666666667,0.9,0.4454825401306152,0.017579126358032226
0.3,1,0.16681,0.7,10,0.7266666666666668,0.11382247385975919,166,0.6333333333333333,0.65,0.9166666666666667,0.6333333333333333,0.8,0.44960408210754393,0.01778860092163086
0.3,1,0.16681,0.7,20,0.7033333333333334,0.10974718422102886,287,0.5333333333333333,0.6333333333333333,0.8333333333333333,0.7166666666666667,0.8,0.4543014049530029,0.01746826171875
0.3,1,0.16681,0.7,50,0.6666666666666666,0.07226494462892935,417,0.5333333333333333,0.65,0.7333333333333334,0.7166666666666667,0.7,0.46886391639709474,0.017364358901977538
0.3,1,0.16681,0.9,5,0.7499999999999999,0.14337208778404378,97,0.48333333333333334,0.7333333333333334,0.8166666666666667,0.8166666666666667,0.9,0.4443530082702637,0.017338037490844727
0.3,1,0.16681,0.9,10,0.75,0.06324555320336755,91,0.7333333333333334,0.65,0.8333333333333333,0.7333333333333334,0.8,0.4487887382507324,0.01790752410888672
0.3,1,0.16681,0.9,20,0.75,0.06324555320336755,91,0.7333333333333334,0.65,0.8333333333333333,0.7333333333333334,0.8,0.45560307502746583,0.017401409149169923
0.3,1,0.16681,0.9,50,0.6599999999999999,0.11135528725660042,427,0.5166666666666667,0.55,0.8166666666666667,0.7166666666666667,0.7,0.4691028118133545,0.017556190490722656
0.3,1,0.599484,0.1,5,0.6733333333333333,0.19567546828585564,382,0.45,0.5666666666666667,0.9166666666666667,0.5333333333333333,0.9,0.5045040130615235,0.0174558162689209
0.3,1,0.599484,0.1,10,0.7466666666666667,0.05906681715556449,99,0.65,0.7333333333333334,0.7333333333333334,0.8166666666666667,0.8,0.5061890602111816,0.017307281494140625
0.3,1,0.599484,0.1,20,0.7033333333333334,0.12220201853215573,287,0.55,0.7333333333333334,0.9,0.7333333333333334,0.6000000000000001,0.5124791145324707,0.017482900619506837
0.3,1,0.599484,0.1,50,0.74,0.10198039027185572,130,0.6333333333333333,0.6333333333333333,0.8,0.7333333333333334,0.9,0.5262068748474121,0.017554759979248047
0.3,1,0.599484,0.3,5,0.7466666666666666,0.12754084313139324,111,0.65,0.8166666666666667,0.8166666666666667,0.55,0.9,0.5173480987548829,0.017542600631713867
0.3,1,0.599484,0.3,10,0.76,0.0703957069398096,62,0.7333333333333334,0.6333333333333333,0.8166666666666667,0.8166666666666667,0.8,0.5250720024108887,0.017501020431518556
0.3,1,0.599484,0.3,20,0.7433333333333334,0.1046687897873839,112,0.65,0.6333333333333333,0.9166666666666667,0.7166666666666667,0.8,0.538207721710205,0.017610692977905275
0.3,1,0.599484,0.3,50,0.76,0.0879393730551528,62,0.7333333333333334,0.6333333333333333,0.8,0.7333333333333334,0.9,0.5402359008789063,0.017337226867675783
0.3,1,0.599484,0.5,5,0.76,0.13564659966250536,62,0.5333333333333333,0.7333333333333334,0.9,0.7333333333333334,0.9,0.5371374607086181,0.01778559684753418
0.3,1,0.599484,0.5,10,0.72,0.08259674462242579,224,0.6333333333333333,0.6166666666666667,0.7333333333333334,0.8166666666666667,0.8,0.5397703170776367,0.017635679244995116
0.3,1,0.599484,0.5,20,0.7666666666666666,0.08881941729649488,41,0.65,0.7333333333333334,0.9166666666666667,0.7333333333333334,0.8,0.5442968845367432,0.017476892471313475
0.3,1,0.599484,0.5,50,0.74,0.1335830993967592,130,0.6333333333333333,0.65,1.0,0.7166666666666667,0.7,0.5603703022003174,0.017373132705688476
0.3,1,0.599484,0.7,5,0.7466666666666667,0.1586050300449376,99,0.4666666666666667,0.7333333333333334,0.9,0.7333333333333334,0.9,0.547769832611084,0.01759510040283203
0.3,1,0.599484,0.7,10,0.72,0.10402991022884822,224,0.7333333333333334,0.5333333333333333,0.8166666666666667,0.8166666666666667,0.7,0.5484583854675293,0.017810773849487305
0.3,1,0.599484,0.7,20,0.7266666666666668,0.09463379711052258,166,0.55,0.7333333333333334,0.8166666666666667,0.7333333333333334,0.8,0.5584954738616943,0.0173431396484375
0.3,1,0.599484,0.7,50,0.76,0.04027681991198189,62,0.7333333333333334,0.7333333333333334,0.8166666666666667,0.7166666666666667,0.8,0.566454553604126,0.017636966705322266
0.3,1,0.599484,0.9,5,0.76,0.13564659966250536,62,0.5333333333333333,0.7333333333333334,0.9,0.7333333333333334,0.9,0.5353550910949707,0.017335224151611327
0.3,1,0.599484,0.9,10,0.7233333333333333,0.0793025150224688,209,0.65,0.6166666666666667,0.8166666666666667,0.7333333333333334,0.8,0.5383646011352539,0.01737980842590332
0.3,1,0.599484,0.9,20,0.7200000000000001,0.07845734863959881,221,0.6333333333333333,0.7166666666666667,0.8166666666666667,0.6333333333333333,0.8,0.543950080871582,0.01747550964355469
0.3,1,0.599484,0.9,50,0.7033333333333334,0.09683892697555965,287,0.5333333333333333,0.7166666666666667,0.8333333333333333,0.7333333333333334,0.7,0.5586777210235596,0.017297029495239258
0.3,1,2.15443,0.1,5,0.6133333333333333,0.15684387141358122,608,0.45,0.5333333333333333,0.65,0.5333333333333333,0.9,0.6096807479858398,0.01754612922668457
0.3,1,2.15443,0.1,10,0.7266666666666668,0.1254325848148452,166,0.65,0.55,0.9166666666666667,0.7166666666666667,0.8,0.6094229698181153,0.017440223693847658
0.3,1,2.15443,0.1,20,0.74,0.08793937305515281,130,0.6333333333333333,0.7333333333333334,0.9,0.7333333333333334,0.7,0.614393663406372,0.01750316619873047
0.3,1,2.15443,0.1,50,0.78,0.09030811456096045,12,0.7333333333333334,0.6333333333333333,0.8166666666666667,0.8166666666666667,0.9,0.6321114063262939,0.018991565704345702
0.3,1,2.15443,0.3,5,0.6199999999999999,0.11661903789690602,598,0.45,0.65,0.65,0.55,0.8,0.6518079280853272,0.01767001152038574
0.3,1,2.15443,0.3,10,0.7166666666666666,0.10697871023920807,242,0.7333333333333334,0.5166666666666667,0.8166666666666667,0.7166666666666667,0.8,0.6508733749389648,0.017450380325317382
0.3,1,2.15443,0.3,20,0.7433333333333334,0.12229290885229427,112,0.55,0.7333333333333334,0.9166666666666667,0.8166666666666667,0.7,0.6543439865112305,0.01747736930847168
0.3,1,2.15443,0.3,50,0.7766666666666666,0.08919392106839769,31,0.7333333333333334,0.6333333333333333,0.8,0.8166666666666667,0.9,0.6681050777435302,0.01761660575866699
0.3,1,2.15443,0.5,5,0.7033333333333334,0.09510228411791403,287,0.7166666666666667,0.65,0.8,0.55,0.8,0.6891016483306884,0.017377471923828124
0.3,1,2.15443,0.5,10,0.7566666666666666,0.07644896627453142,78,0.7333333333333334,0.6166666666666667,0.8166666666666667,0.8166666666666667,0.8,0.6899415969848632,0.017130136489868164
0.3,1,2.15443,0.5,20,0.7066666666666667,0.06548960901462833,268,0.6333333333333333,0.7333333333333334,0.8166666666666667,0.65,0.7,0.6959044456481933,0.017216873168945313
0.3,1,2.15443,0.5,50,0.7166666666666666,0.09775252199076788,242,0.6333333333333333,0.6333333333333333,0.9,0.7166666666666667,0.7,0.7181561470031739,0.01924128532409668
0.3,1,2.15443,0.7,5,0.6866666666666668,0.14275075403575904,353,0.5333333333333333,0.65,0.9,0.55,0.8,0.7309901714324951,0.018319082260131837
0.3,1,2.15443,0.7,10,0.74,0.07039570693980958,130,0.7333333333333334,0.6166666666666667,0.7333333333333334,0.8166666666666667,0.8,0.729541015625,0.017486095428466797
0.3,1,2.15443,0.7,20,0.7266666666666668,0.05436502143433364,166,0.65,0.7333333333333334,0.8166666666666667,0.7333333333333334,0.7,0.7348609924316406,0.017509841918945314
0.3,1,2.15443,0.7,50,0.7566666666666666,0.0891939210683977,78,0.6333333333333333,0.7333333333333334,0.9,0.7166666666666667,0.8,0.7486537456512451,0.017374658584594728
0.3,1,2.15443,0.9,5,0.7633333333333334,0.16069294390925265,42,0.4666666666666667,0.7333333333333334,0.9,0.8166666666666667,0.9,0.7163036823272705,0.01801905632019043
0.3,1,2.15443,0.9,10,0.72,0.08259674462242579,224,0.6333333333333333,0.6166666666666667,0.7333333333333334,0.8166666666666667,0.8,0.7188244819641113,0.017570304870605468
0.3,1,2.15443,0.9,20,0.7666666666666667,0.11303883305208781,38,0.5666666666666667,0.7333333333333334,0.8166666666666667,0.8166666666666667,0.9,0.7221198558807373,0.017479658126831055
0.3,1,2.15443,0.9,50,0.7766666666666667,0.12364824660660939,28,0.6333333333333333,0.7333333333333334,1.0,0.7166666666666667,0.8,0.735453987121582,0.017513275146484375
0.3,1,7.74264,0.1,5,0.6133333333333333,0.17745108872274887,608,0.3666666666666667,0.5166666666666667,0.8333333333333333,0.55,0.8,0.6413657188415527,0.017989587783813477
0.3,1,7.74264,0.1,10,0.7066666666666667,0.11907047399661169,268,0.48333333333333334,0.7166666666666667,0.8166666666666667,0.7166666666666667,0.8,0.6459079265594483,0.017644691467285156
0.3,1,7.74264,0.1,20,0.7633333333333334,0.08969082698049141,42,0.6333333333333333,0.7333333333333334,0.8166666666666667,0.7333333333333334,0.9,0.6497800350189209,0.017624616622924805
0.3,1,7.74264,0.1,50,0.7066666666666667,0.13021349989749742,268,0.6333333333333333,0.55,0.6333333333333333,0.8166666666666667,0.9,0.6613218784332275,0.017421436309814454
0.3,1,7.74264,0.3,5,0.5399999999999999,0.06716480559869961,746,0.45,0.5666666666666667,0.65,0.5333333333333333,0.5,0.8014012813568115,0.017535305023193358
0.3,1,7.74264,0.3,10,0.7266666666666668,0.04784233364802442,166,0.65,0.7333333333333334,0.7333333333333334,0.7166666666666667,0.8,0.805975341796875,0.017499637603759766
0.3,1,7.74264,0.3,20,0.74,0.08793937305515281,130,0.6333333333333333,0.7333333333333334,0.9,0.7333333333333334,0.7,0.8064797878265381,0.017322540283203125
0.3,1,7.74264,0.3,50,0.7233333333333334,0.12498888839501783,190,0.6333333333333333,0.55,0.7166666666666667,0.8166666666666667,0.9,0.820516300201416,0.018056678771972656
0.3,1,7.74264,0.5,5,0.5533333333333333,0.16103829772241554,725,0.45,0.3333333333333333,0.65,0.5333333333333333,0.8,0.8660084724426269,0.017705154418945313
0.3,1,7.74264,0.5,10,0.7266666666666668,0.09521904571390465,166,0.75,0.55,0.8166666666666667,0.7166666666666667,0.8,0.8695144653320312,0.017302513122558594
0.3,1,7.74264,0.5,20,0.7799999999999999,0.03858612300930072,26,0.7333333333333334,0.7333333333333334,0.8166666666666667,0.8166666666666667,0.8,0.8720517158508301,0.017400312423706054
0.3,1,7.74264,0.5,50,0.6833333333333333,0.08881941729649484,368,0.6333333333333333,0.55,0.7166666666666667,0.8166666666666667,0.7,0.8889069557189941,0.017601442337036134
0.3,1,7.74264,0.7,5,0.6033333333333333,0.17172329163188343,616,0.45,0.4166666666666667,0.8166666666666667,0.5333333333333333,0.8,0.8848999500274658,0.017364311218261718
0.3,1,7.74264,0.7,10,0.71,0.0992191737742481,258,0.65,0.55,0.8166666666666667,0.7333333333333334,0.8,0.8974055290222168,0.017313766479492187
0.3,1,7.74264,0.7,20,0.7633333333333333,0.0644635986860457,54,0.65,0.7333333333333334,0.8166666666666667,0.8166666666666667,0.8,0.899180555343628,0.01744523048400879
0.3,1,7.74264,0.7,50,0.6833333333333333,0.08563488385776753,368,0.6333333333333333,0.55,0.8,0.7333333333333334,0.7,0.9060426235198975,0.017624664306640624
0.3,1,7.74264,0.9,5,0.6799999999999999,0.11709445380166865,380,0.7166666666666667,0.5333333333333333,0.8,0.55,0.8,0.9630201816558838,0.017354393005371095
0.3,1,7.74264,0.9,10,0.6900000000000001,0.12274635093014646,333,0.7333333333333334,0.45,0.7333333333333334,0.7333333333333334,0.8,0.9622416496276855,0.017404890060424803
0.3,1,7.74264,0.9,20,0.7233333333333333,0.07859884081701066,209,0.6333333333333333,0.6333333333333333,0.8166666666666667,0.7333333333333334,0.8,0.9638257503509522,0.017664480209350585
0.3,1,7.74264,0.9,50,0.6966666666666667,0.061824123303304716,321,0.6333333333333333,0.6333333333333333,0.8,0.7166666666666667,0.7,0.9822177886962891,0.017285537719726563
0.3,1,27.8256,0.1,5,0.5900000000000001,0.1436043948569201,653,0.3666666666666667,0.5166666666666667,0.6333333333333333,0.6333333333333333,0.8,0.653876781463623,0.017512416839599608
0.3,1,27.8256,0.1,10,0.71,0.14476033833738974,258,0.48333333333333334,0.6333333333333333,0.8166666666666667,0.7166666666666667,0.9,0.6554769992828369,0.017665290832519533
0.3,1,27.8256,0.1,20,0.8,0.06236095644623234,1,0.7333333333333334,0.8166666666666667,0.8166666666666667,0.7333333333333334,0.9,0.6616924285888672,0.01746258735656738
0.3,1,27.8256,0.1,50,0.7033333333333334,0.08653836657164779,287,0.7333333333333334,0.55,0.7166666666666667,0.8166666666666667,0.7,0.6740921974182129,0.017430448532104494
0.3,1,27.8256,0.3,5,0.5733333333333333,0.14243907079481,678,0.3666666666666667,0.5166666666666667,0.6333333333333333,0.55,0.8,0.7507262706756592,0.01757922172546387
0.3,1,27.8256,0.3,10,0.7266666666666668,0.14204850501775013,166,0.48333333333333334,0.7166666666666667,0.9166666666666667,0.7166666666666667,0.8,0.7528783321380615,0.01933598518371582
0.3,1,27.8256,0.3,20,0.74,0.0703957069398096,130,0.6333333333333333,0.8166666666666667,0.8166666666666667,0.7333333333333334,0.7,0.7558200359344482,0.01736927032470703
0.3,1,27.8256,0.3,50,0.7233333333333334,0.12498888839501783,190,0.6333333333333333,0.55,0.7166666666666667,0.8166666666666667,0.9,0.7677170753479003,0.0174224853515625
0.3,1,27.8256,0.5,5,0.6133333333333333,0.15684387141358122,608,0.45,0.5333333333333333,0.65,0.5333333333333333,0.9,0.8974788188934326,0.017433023452758788
0.3,1,27.8256,0.5,10,0.7433333333333334,0.060184900284225955,112,0.65,0.7333333333333334,0.8166666666666667,0.7166666666666667,0.8,0.9027944564819336,0.017977046966552734
0.3,1,27.8256,0.5,20,0.7633333333333334,0.08969082698049141,42,0.6333333333333333,0.7333333333333334,0.8166666666666667,0.7333333333333334,0.9,0.9068490028381347,0.01727919578552246
0.3,1,27.8256,0.5,50,0.74,0.1046687897873839,130,0.6333333333333333,0.6333333333333333,0.7166666666666667,0.8166666666666667,0.9,0.9180761814117432,0.01739363670349121
0.3,1,27.8256,0.7,5,0.55,0.0737864787372622,729,0.45,0.6166666666666667,0.65,0.5333333333333333,0.5,0.9726490020751953,0.01767129898071289
0.3,1,27.8256,0.7,10,0.7633333333333333,0.09030811456096045,54,0.65,0.7333333333333334,0.9166666666666667,0.7166666666666667,0.8,0.9670421123504639,0.018078041076660157
0.3,1,27.8256,0.7,20,0.78,0.09030811456096045,12,0.6333333333333333,0.7333333333333334,0.8166666666666667,0.8166666666666667,0.9,0.9686296939849853,0.01755805015563965
0.3,1,27.8256,0.7,50,0.7433333333333334,0.10143416036468625,112,0.7333333333333334,0.55,0.8166666666666667,0.8166666666666667,0.8,0.9836387157440185,0.017617225646972656
0.3,1,27.8256,0.9,5,0.53,0.08781293248212994,750,0.45,0.43333333333333335,0.65,0.6166666666666667,0.5,1.0445382595062256,0.017597293853759764
0.3,1,27.8256,0.9,10,0.6866666666666668,0.132664991614216,353,0.65,0.45,0.8166666666666667,0.7166666666666667,0.8,1.0508110523223877,0.017396879196166993
0.3,1,27.8256,0.9,20,0.7233333333333334,0.0592546294487706,190,0.6333333333333333,0.7333333333333334,0.8166666666666667,0.7333333333333334,0.7,1.0581617832183838,0.017411518096923827
0.3,1,27.8256,0.9,50,0.7233333333333333,0.07859884081701066,209,0.6333333333333333,0.6333333333333333,0.8166666666666667,0.7333333333333334,0.8,1.0671700954437255,0.01724133491516113
0.3,1,100.0,0.1,5,0.5733333333333335,0.16006942938057292,659,0.3666666666666667,0.4166666666666667,0.6333333333333333,0.65,0.8,0.6944114685058593,0.01755385398864746
0.3,1,100.0,0.1,10,0.6900000000000001,0.12229290885229428,333,0.48333333333333334,0.6333333333333333,0.8166666666666667,0.7166666666666667,0.8,0.7007469654083252,0.017373418807983397
0.3,1,100.0,0.1,20,0.78,0.03858612300930072,12,0.7333333333333334,0.8166666666666667,0.8166666666666667,0.7333333333333334,0.8,0.7084137439727783,0.017452812194824217
0.3,1,100.0,0.1,50,0.7233333333333334,0.09809292646374773,190,0.7333333333333334,0.55,0.8166666666666667,0.8166666666666667,0.7,0.7187216281890869,0.01730790138244629
0.3,1,100.0,0.3,5,0.57,0.1586050300449376,685,0.3666666666666667,0.4166666666666667,0.6333333333333333,0.6333333333333333,0.8,0.7041364192962647,0.017825794219970704
0.3,1,100.0,0.3,10,0.6900000000000001,0.12229290885229428,333,0.48333333333333334,0.6333333333333333,0.8166666666666667,0.7166666666666667,0.8,0.7068288326263428,0.017387247085571288
0.3,1,100.0,0.3,20,0.78,0.09030811456096045,12,0.6333333333333333,0.8166666666666667,0.8166666666666667,0.7333333333333334,0.9,0.7140018939971924,0.01775202751159668
0.3,1,100.0,0.3,50,0.7366666666666667,0.06699917080747261,152,0.7333333333333334,0.6333333333333333,0.8,0.8166666666666667,0.7,0.7234184265136718,0.017483234405517578
0.3,1,100.0,0.5,5,0.5900000000000001,0.1436043948569201,653,0.3666666666666667,0.5166666666666667,0.6333333333333333,0.6333333333333333,0.8,0.7245562553405762,0.01770462989807129
0.3,1,100.0,0.5,10,0.69,0.16006942938057292,345,0.48333333333333334,0.5333333333333333,0.8166666666666667,0.7166666666666667,0.9,0.726057767868042,0.017248106002807618
0.3,1,100.0,0.5,20,0.76,0.0703957069398096,62,0.6333333333333333,0.8166666666666667,0.8166666666666667,0.7333333333333334,0.8,0.7327768325805664,0.01739945411682129
0.3,1,100.0,0.5,50,0.7833333333333333,0.08498365855987973,6,0.7333333333333334,0.65,0.8166666666666667,0.8166666666666667,0.9,0.7511286258697509,0.017474269866943358
0.3,1,100.0,0.7,5,0.5733333333333333,0.14243907079481,678,0.3666666666666667,0.5166666666666667,0.6333333333333333,0.55,0.8,0.7610389709472656,0.01769223213195801
0.3,1,100.0,0.7,10,0.7066666666666667,0.11907047399661169,268,0.48333333333333334,0.7166666666666667,0.8166666666666667,0.7166666666666667,0.8,0.7568272113800049,0.0174710750579834
0.3,1,100.0,0.7,20,0.78,0.09030811456096045,12,0.6333333333333333,0.8166666666666667,0.8166666666666667,0.7333333333333334,0.9,0.7635945796966552,0.017262697219848633
0.3,1,100.0,0.7,50,0.76,0.0879393730551528,62,0.7166666666666667,0.65,0.7166666666666667,0.8166666666666667,0.9,0.7762788295745849,0.017555952072143555
0.3,1,100.0,0.9,5,0.5733333333333333,0.14243907079481,678,0.3666666666666667,0.5166666666666667,0.6333333333333333,0.55,0.8,0.799664831161499,0.01758580207824707
0.3,1,100.0,0.9,10,0.7266666666666668,0.14204850501775013,166,0.48333333333333334,0.7166666666666667,0.9166666666666667,0.7166666666666667,0.8,0.8026557922363281,0.017315673828125
0.3,1,100.0,0.9,20,0.76,0.0703957069398096,62,0.6333333333333333,0.8166666666666667,0.8166666666666667,0.7333333333333334,0.8,0.805673360824585,0.017644929885864257
0.3,1,100.0,0.9,50,0.76,0.14321700705960558,62,0.6333333333333333,0.55,0.9,0.8166666666666667,0.9,0.8196218013763428,0.01742730140686035
0.3,5,0.001,0.1,5,0.63,0.09683892697555968,527,0.6333333333333333,0.8,0.6166666666666667,0.5,0.6000000000000001,0.3930957317352295,0.017324113845825197
0.3,5,0.001,0.1,10,0.6466666666666667,0.10022197585581938,439,0.6333333333333333,0.8,0.7,0.5,0.6000000000000001,0.39438652992248535,0.01736311912536621
0.3,5,0.001,0.1,20,0.5233333333333333,0.09637888196533974,751,0.6333333333333333,0.6166666666666667,0.3666666666666667,0.5,0.5,0.39935975074768065,0.017235517501831055
0.3,5,0.001,0.1,50,0.5433333333333333,0.08339997335464534,730,0.55,0.5166666666666667,0.4666666666666667,0.48333333333333334,0.7,0.4074685573577881,0.017540645599365235
0.3,5,0.001,0.3,5,0.63,0.09683892697555968,527,0.6333333333333333,0.8,0.6166666666666667,0.5,0.6000000000000001,0.39179000854492185,0.01691718101501465
0.3,5,0.001,0.3,10,0.6466666666666667,0.10022197585581938,439,0.6333333333333333,0.8,0.7,0.5,0.6000000000000001,0.39420032501220703,0.01709284782409668
0.3,5,0.001,0.3,20,0.5233333333333333,0.09637888196533974,751,0.6333333333333333,0.6166666666666667,0.3666666666666667,0.5,0.5,0.39810934066772463,0.017206954956054687
0.3,5,0.001,0.3,50,0.5433333333333333,0.08339997335464534,730,0.55,0.5166666666666667,0.4666666666666667,0.48333333333333334,0.7,0.4077910423278809,0.017313671112060548
0.3,5,0.001,0.5,5,0.63,0.09683892697555968,527,0.6333333333333333,0.8,0.6166666666666667,0.5,0.6000000000000001,0.39191789627075196,0.0170163631439209
0.3,5,0.001,0.5,10,0.6466666666666667,0.10022197585581938,439,0.6333333333333333,0.8,0.7,0.5,0.6000000000000001,0.39467406272888184,0.01742134094238281
0.3,5,0.001,0.5,20,0.5233333333333333,0.09637888196533974,751,0.6333333333333333,0.6166666666666667,0.3666666666666667,0.5,0.5,0.39981856346130373,0.017389965057373048
0.3,5,0.001,0.5,50,0.5433333333333333,0.08339997335464534,730,0.55,0.5166666666666667,0.4666666666666667,0.48333333333333334,0.7,0.406735897064209,0.017391681671142578
0.3,5,0.001,0.7,5,0.63,0.09683892697555968,527,0.6333333333333333,0.8,0.6166666666666667,0.5,0.6000000000000001,0.39270358085632323,0.01705060005187988
0.3,5,0.001,0.7,10,0.6466666666666667,0.10022197585581938,439,0.6333333333333333,0.8,0.7,0.5,0.6000000000000001,0.39555649757385253,0.01708230972290039
0.3,5,0.001,0.7,20,0.5233333333333333,0.09637888196533974,751,0.6333333333333333,0.6166666666666667,0.3666666666666667,0.5,0.5,0.3975027561187744,0.01753406524658203
0.3,5,0.001,0.7,50,0.5433333333333333,0.08339997335464534,730,0.55,0.5166666666666667,0.4666666666666667,0.48333333333333334,0.7,0.4071671009063721,0.01721019744873047
0.3,5,0.001,0.9,5,0.63,0.09683892697555968,527,0.6333333333333333,0.8,0.6166666666666667,0.5,0.6000000000000001,0.3909764766693115,0.017025279998779296
0.3,5,0.001,0.9,10,0.6466666666666667,0.10022197585581938,439,0.6333333333333333,0.8,0.7,0.5,0.6000000000000001,0.3942925453186035,0.017218685150146483
0.3,5,0.001,0.9,20,0.5233333333333333,0.09637888196533974,751,0.6333333333333333,0.6166666666666667,0.3666666666666667,0.5,0.5,0.3990668296813965,0.017093610763549805
0.3,5,0.001,0.9,50,0.5433333333333333,0.08339997335464534,730,0.55,0.5166666666666667,0.4666666666666667,0.48333333333333334,0.7,0.4064699649810791,0.017519235610961914
0.3,5,0.00359381,0.1,5,0.63,0.09683892697555968,527,0.6333333333333333,0.8,0.6166666666666667,0.5,0.6000000000000001,0.3910210132598877,0.017709636688232423
0.3,5,0.00359381,0.1,10,0.6466666666666667,0.10022197585581938,439,0.6333333333333333,0.8,0.7,0.5,0.6000000000000001,0.39330339431762695,0.01750922203063965
0.3,5,0.00359381,0.1,20,0.5233333333333333,0.09637888196533974,751,0.6333333333333333,0.6166666666666667,0.3666666666666667,0.5,0.5,0.3967341423034668,0.016963624954223634
0.3,5,0.00359381,0.1,50,0.5433333333333333,0.08339997335464534,730,0.55,0.5166666666666667,0.4666666666666667,0.48333333333333334,0.7,0.4069523811340332,0.017371368408203126
0.3,5,0.00359381,0.3,5,0.63,0.09683892697555968,527,0.6333333333333333,0.8,0.6166666666666667,0.5,0.6000000000000001,0.3928138256072998,0.017029571533203124
0.3,5,0.00359381,0.3,10,0.6466666666666667,0.10022197585581938,439,0.6333333333333333,0.8,0.7,0.5,0.6000000000000001,0.3955708026885986,0.017159223556518555
0.3,5,0.00359381,0.3,20,0.5233333333333333,0.09637888196533974,751,0.6333333333333333,0.6166666666666667,0.3666666666666667,0.5,0.5,0.39792566299438475,0.01736440658569336
0.3,5,0.00359381,0.3,50,0.5433333333333333,0.08339997335464534,730,0.55,0.5166666666666667,0.4666666666666667,0.48333333333333334,0.7,0.4078876495361328,0.017419958114624025
0.3,5,0.00359381,0.5,5,0.63,0.09683892697555968,527,0.6333333333333333,0.8,0.6166666666666667,0.5,0.6000000000000001,0.39236626625061033,0.01713089942932129
0.3,5,0.00359381,0.5,10,0.6466666666666667,0.10022197585581938,439,0.6333333333333333,0.8,0.7,0.5,0.6000000000000001,0.39240236282348634,0.017036914825439453
0.3,5,0.00359381,0.5,20,0.5233333333333333,0.09637888196533974,751,0.6333333333333333,0.6166666666666667,0.3666666666666667,0.5,0.5,0.3973072052001953,0.017133092880249022
0.3,5,0.00359381,0.5,50,0.5433333333333333,0.08339997335464534,730,0.55,0.5166666666666667,0.4666666666666667,0.48333333333333334,0.7,0.40674314498901365,0.017200517654418945
0.3,5,0.00359381,0.7,5,0.63,0.09683892697555968,527,0.6333333333333333,0.8,0.6166666666666667,0.5,0.6000000000000001,0.39209756851196287,0.017307329177856445
0.3,5,0.00359381,0.7,10,0.6466666666666667,0.10022197585581938,439,0.6333333333333333,0.8,0.7,0.5,0.6000000000000001,0.3971697330474854,0.016923189163208008
0.3,5,0.00359381,0.7,20,0.5233333333333333,0.09637888196533974,751,0.6333333333333333,0.6166666666666667,0.3666666666666667,0.5,0.5,0.3982808589935303,0.017812585830688475
0.3,5,0.00359381,0.7,50,0.5433333333333333,0.08339997335464534,730,0.55,0.5166666666666667,0.4666666666666667,0.48333333333333334,0.7,0.4056614875793457,0.017183732986450196
0.3,5,0.00359381,0.9,5,0.63,0.09683892697555968,527,0.6333333333333333,0.8,0.6166666666666667,0.5,0.6000000000000001,0.3920142650604248,0.01727433204650879
0.3,5,0.00359381,0.9,10,0.6466666666666667,0.10022197585581938,439,0.6333333333333333,0.8,0.7,0.5,0.6000000000000001,0.39185242652893065,0.016878509521484376
0.3,5,0.00359381,0.9,20,0.5233333333333333,0.09637888196533974,751,0.6333333333333333,0.6166666666666667,0.3666666666666667,0.5,0.5,0.3984107971191406,0.01728024482727051
0.3,5,0.00359381,0.9,50,0.5433333333333333,0.08339997335464534,730,0.55,0.5166666666666667,0.4666666666666667,0.48333333333333334,0.7,0.40612154006958007,0.017267656326293946
0.3,5,0.0129155,0.1,5,0.6833333333333333,0.10593499054713801,368,0.8166666666666667,0.55,0.6166666666666667,0.6333333333333333,0.8,0.3988466739654541,0.017338895797729494
0.3,5,0.0129155,0.1,10,0.6866666666666668,0.06091888960832357,353,0.65,0.65,0.7,0.6333333333333333,0.8,0.40376529693603513,0.01707468032836914
0.3,5,0.0129155,0.1,20,0.72,0.09510228411791405,224,0.65,0.7166666666666667,0.7,0.6333333333333333,0.9,0.40842761993408205,0.017261266708374023
0.3,5,0.0129155,0.1,50,0.7566666666666666,0.10360180178613368,78,0.8166666666666667,0.8166666666666667,0.8,0.55,0.8,0.41541495323181155,0.017371177673339844
0.3,5,0.0129155,0.3,5,0.63,0.09683892697555968,527,0.6333333333333333,0.8,0.6166666666666667,0.5,0.6000000000000001,0.39310131072998045,0.01705179214477539
0.3,5,0.0129155,0.3,10,0.6466666666666667,0.10022197585581938,439,0.6333333333333333,0.8,0.7,0.5,0.6000000000000001,0.39401698112487793,0.016872072219848634
0.3,5,0.0129155,0.3,20,0.5233333333333333,0.09637888196533974,751,0.6333333333333333,0.6166666666666667,0.3666666666666667,0.5,0.5,0.39803543090820315,0.017312049865722656
0.3,5,0.0129155,0.3,50,0.5433333333333333,0.08339997335464534,730,0.55,0.5166666666666667,0.4666666666666667,0.48333333333333334,0.7,0.4067355155944824,0.017231464385986328
0.3,5,0.0129155,0.5,5,0.63,0.09683892697555968,527,0.6333333333333333,0.8,0.6166666666666667,0.5,0.6000000000000001,0.3920130729675293,0.017188596725463866
0.3,5,0.0129155,0.5,10,0.6466666666666667,0.10022197585581938,439,0.6333333333333333,0.8,0.7,0.5,0.6000000000000001,0.3931243896484375,0.016975021362304686
0.3,5,0.0129155,0.5,20,0.5233333333333333,0.09637888196533974,751,0.6333333333333333,0.6166666666666667,0.3666666666666667,0.5,0.5,0.3988769054412842,0.017505979537963866
0.3,5,0.0129155,0.5,50,0.5433333333333333,0.08339997335464534,730,0.55,0.5166666666666667,0.4666666666666667,0.48333333333333334,0.7,0.40574278831481936,0.017111492156982423
0.3,5,0.0129155,0.7,5,0.63,0.09683892697555968,527,0.6333333333333333,0.8,0.6166666666666667,0.5,0.6000000000000001,0.390889835357666,0.01728973388671875
0.3,5,0.0129155,0.7,10,0.6466666666666667,0.10022197585581938,439,0.6333333333333333,0.8,0.7,0.5,0.6000000000000001,0.3945783138275146,0.017321109771728516
0.3,5,0.0129155,0.7,20,0.5233333333333333,0.09637888196533974,751,0.6333333333333333,0.6166666666666667,0.3666666666666667,0.5,0.5,0.39914708137512206,0.017157506942749024
0.3,5,0.0129155,0.7,50,0.5433333333333333,0.08339997335464534,730,0.55,0.5166666666666667,0.4666666666666667,0.48333333333333334,0.7,0.4082376480102539,0.01741657257080078
0.3,5,0.0129155,0.9,5,0.63,0.09683892697555968,527,0.6333333333333333,0.8,0.6166666666666667,0.5,0.6000000000000001,0.39255099296569823,0.017056894302368165
0.3,5,0.0129155,0.9,10,0.6466666666666667,0.10022197585581938,439,0.6333333333333333,0.8,0.7,0.5,0.6000000000000001,0.3955172061920166,0.017674970626831054
0.3,5,0.0129155,0.9,20,0.5233333333333333,0.09637888196533974,751,0.6333333333333333,0.6166666666666667,0.3666666666666667,0.5,0.5,0.3974167346954346,0.017184638977050783
0.3,5,0.0129155,0.9,50,0.5433333333333333,0.08339997335464534,730,0.55,0.5166666666666667,0.4666666666666667,0.48333333333333334,0.7,0.4074915885925293,0.017376518249511717
0.3,5,0.0464159,0.1,5,0.6666666666666667,0.09999999999999999,411,0.55,0.55,0.7166666666666667,0.7166666666666667,0.8,0.4101541042327881,0.01723799705505371
0.3,5,0.0464159,0.1,10,0.6333333333333334,0.043461349368017654,516,0.5666666666666667,0.65,0.6166666666666667,0.6333333333333333,0.7,0.4132638931274414,0.017282390594482423
0.3,5,0.0464159,0.1,20,0.7233333333333333,0.10832051206181283,209,0.65,0.6333333333333333,0.8,0.6333333333333333,0.9,0.4166452884674072,0.017257213592529297
0.3,5,0.0464159,0.1,50,0.7366666666666667,0.08844332774281068,152,0.7333333333333334,0.7166666666666667,0.7,0.6333333333333333,0.9,0.4249232292175293,0.01726870536804199
0.3,5,0.0464159,0.3,5,0.71,0.062003584125794264,258,0.6333333333333333,0.65,0.75,0.7166666666666667,0.8,0.40968847274780273,0.017036819458007814
0.3,5,0.0464159,0.3,10,0.7433333333333334,0.09580071908799943,112,0.65,0.65,0.8,0.7166666666666667,0.9,0.41381168365478516,0.017479753494262694
0.3,5,0.0464159,0.3,20,0.74,0.10252370999486467,130,0.65,0.8166666666666667,0.7,0.6333333333333333,0.9,0.41620192527770994,0.017351436614990234
0.3,5,0.0464159,0.3,50,0.7333333333333334,0.03496029493900508,160,0.7333333333333334,0.7166666666666667,0.7,0.7166666666666667,0.8,0.4277885913848877,0.017487859725952147
0.3,5,0.0464159,0.5,5,0.5700000000000001,0.11944315244779279,682,0.6333333333333333,0.3833333333333333,0.7333333333333334,0.5,0.6000000000000001,0.4002574920654297,0.01713395118713379
0.3,5,0.0464159,0.5,10,0.6000000000000001,0.11303883305208783,619,0.7166666666666667,0.45,0.7333333333333334,0.5,0.6000000000000001,0.40216736793518065,0.01703953742980957
0.3,5,0.0464159,0.5,20,0.5633333333333334,0.06091888960832356,687,0.6166666666666667,0.55,0.65,0.5,0.5,0.40593619346618653,0.01711893081665039
0.3,5,0.0464159,0.5,50,0.5733333333333333,0.07717224601860148,678,0.5166666666666667,0.6166666666666667,0.55,0.48333333333333334,0.7,0.41501922607421876,0.017310714721679686
0.3,5,0.0464159,0.7,5,0.63,0.09683892697555968,527,0.6333333333333333,0.8,0.6166666666666667,0.5,0.6000000000000001,0.3920732498168945,0.01730027198791504
0.3,5,0.0464159,0.7,10,0.6466666666666667,0.10022197585581938,439,0.6333333333333333,0.8,0.7,0.5,0.6000000000000001,0.3942692756652832,0.017067861557006837
0.3,5,0.0464159,0.7,20,0.5233333333333333,0.09637888196533974,751,0.6333333333333333,0.6166666666666667,0.3666666666666667,0.5,0.5,0.41472558975219725,0.017415857315063475
0.3,5,0.0464159,0.7,50,0.5433333333333333,0.08339997335464534,730,0.55,0.5166666666666667,0.4666666666666667,0.48333333333333334,0.7,0.40615262985229494,0.01864004135131836
0.3,5,0.0464159,0.9,5,0.63,0.09683892697555968,527,0.6333333333333333,0.8,0.6166666666666667,0.5,0.6000000000000001,0.3902462959289551,0.01762533187866211
0.3,5,0.0464159,0.9,10,0.6466666666666667,0.10022197585581938,439,0.6333333333333333,0.8,0.7,0.5,0.6000000000000001,0.3952961444854736,0.016984272003173827
0.3,5,0.0464159,0.9,20,0.5233333333333333,0.09637888196533974,751,0.6333333333333333,0.6166666666666667,0.3666666666666667,0.5,0.5,0.39758849143981934,0.01709880828857422
0.3,5,0.0464159,0.9,50,0.5433333333333333,0.08339997335464534,730,0.55,0.5166666666666667,0.4666666666666667,0.48333333333333334,0.7,0.40549683570861816,0.017168378829956053
0.3,5,0.16681,0.1,5,0.7066666666666667,0.18336363385966753,268,0.8333333333333333,0.55,0.6333333333333333,0.5166666666666667,1.0,0.4325397968292236,0.017130422592163085
0.3,5,0.16681,0.1,10,0.6333333333333334,0.043461349368017654,516,0.5666666666666667,0.6166666666666667,0.65,0.6333333333333333,0.7,0.4371131420135498,0.017543888092041014
0.3,5,0.16681,0.1,20,0.7033333333333334,0.06446359868604572,287,0.65,0.7166666666666667,0.8166666666666667,0.6333333333333333,0.7,0.44218149185180666,0.017264175415039062
0.3,5,0.16681,0.1,50,0.6866666666666668,0.1446835627614047,353,0.65,0.45,0.7166666666666667,0.7166666666666667,0.9,0.4501797199249268,0.01712040901184082
0.3,5,0.16681,0.3,5,0.6700000000000002,0.08393118874676114,404,0.55,0.65,0.7166666666666667,0.6333333333333333,0.8,0.441802453994751,0.017107772827148437
0.3,5,0.16681,0.3,10,0.6333333333333334,0.09486832980505139,516,0.65,0.5333333333333333,0.55,0.6333333333333333,0.8,0.4449617862701416,0.01721844673156738
0.3,5,0.16681,0.3,20,0.7266666666666667,0.12274635093014645,182,0.65,0.55,0.8166666666666667,0.7166666666666667,0.9,0.4464144229888916,0.017194747924804688
0.3,5,0.16681,0.3,50,0.74,0.08730533902472531,130,0.7333333333333334,0.7166666666666667,0.7166666666666667,0.6333333333333333,0.9,0.45876779556274416,0.01732950210571289
0.3,5,0.16681,0.5,5,0.6300000000000001,0.13391539617733775,526,0.3666666666666667,0.65,0.7166666666666667,0.7166666666666667,0.7,0.4463798046112061,0.017017555236816407
0.3,5,0.16681,0.5,10,0.6933333333333332,0.12409673645990857,327,0.65,0.5333333333333333,0.75,0.6333333333333333,0.9,0.44464797973632814,0.016976308822631837
0.3,5,0.16681,0.5,20,0.7533333333333333,0.09392668535736916,88,0.6333333333333333,0.8166666666666667,0.7,0.7166666666666667,0.9,0.44998869895935056,0.017117977142333984
0.3,5,0.16681,0.5,50,0.77,0.07702813338860896,36,0.8166666666666667,0.7166666666666667,0.7,0.7166666666666667,0.9,0.45908260345458984,0.017514944076538086
0.3,5,0.16681,0.7,5,0.6133333333333333,0.15107025591499545,608,0.3666666666666667,0.65,0.5333333333333333,0.7166666666666667,0.8,0.4401265621185303,0.017469120025634766
0.3,5,0.16681,0.7,10,0.6533333333333333,0.0852447456836295,431,0.5333333333333333,0.65,0.65,0.6333333333333333,0.8,0.43966922760009763,0.017081403732299806
0.3,5,0.16681,0.7,20,0.67,0.1514375558880073,406,0.43333333333333335,0.7333333333333334,0.65,0.6333333333333333,0.9,0.44255695343017576,0.017061567306518553
0.3,5,0.16681,0.7,50,0.7033333333333334,0.10402991022884824,287,0.5333333333333333,0.8166666666666667,0.65,0.7166666666666667,0.8,0.45261759757995607,0.017241477966308594
0.3,5,0.16681,0.9,5,0.6133333333333333,0.15107025591499545,608,0.3666666666666667,0.65,0.5333333333333333,0.7166666666666667,0.8,0.43593416213989256,0.017130565643310548
0.3,5,0.16681,0.9,10,0.7066666666666667,0.1167142760000773,268,0.55,0.7333333333333334,0.6333333333333333,0.7166666666666667,0.9,0.4396053791046143,0.01710062026977539
0.3,5,0.16681,0.9,20,0.6733333333333333,0.1319090595827292,382,0.55,0.7333333333333334,0.55,0.6333333333333333,0.9,0.44348936080932616,0.017584753036499024
0.3,5,0.16681,0.9,50,0.7,0.0632455532033676,314,0.6166666666666667,0.7166666666666667,0.65,0.7166666666666667,0.8,0.4506657123565674,0.017443084716796876
0.3,5,0.599484,0.1,5,0.6566666666666666,0.1392838827718412,429,0.4666666666666667,0.65,0.65,0.6166666666666667,0.9,0.4934704780578613,0.01691279411315918
0.3,5,0.599484,0.1,10,0.6733333333333332,0.03741657386773943,386,0.65,0.7333333333333334,0.65,0.6333333333333333,0.7,0.49583864212036133,0.017208576202392578
0.3,5,0.599484,0.1,20,0.6866666666666668,0.09030811456096043,353,0.55,0.7333333333333334,0.8166666666666667,0.6333333333333333,0.7,0.5002537250518799,0.016966629028320312
0.3,5,0.599484,0.1,50,0.6633333333333333,0.09030811456096045,421,0.65,0.5333333333333333,0.6166666666666667,0.7166666666666667,0.8,0.5073511123657226,0.017320680618286132
0.3,5,0.599484,0.3,5,0.6900000000000001,0.13106402167558331,333,0.7333333333333334,0.55,0.55,0.7166666666666667,0.9,0.508068037033081,0.01712040901184082
0.3,5,0.599484,0.3,10,0.6733333333333332,0.06377042156569666,386,0.65,0.6333333333333333,0.65,0.6333333333333333,0.8,0.5145360469818115,0.01703801155090332
0.3,5,0.599484,0.3,20,0.7466666666666667,0.10077477638553983,99,0.65,0.7333333333333334,0.8166666666666667,0.6333333333333333,0.9,0.5165465354919434,0.017397546768188478
0.3,5,0.599484,0.3,50,0.6833333333333333,0.08881941729649487,368,0.65,0.5333333333333333,0.7166666666666667,0.7166666666666667,0.8,0.5248565196990966,0.017465829849243164
0.3,5,0.599484,0.5,5,0.6466666666666667,0.12174654911833116,439,0.43333333333333335,0.65,0.7166666666666667,0.6333333333333333,0.8,0.5304120540618896,0.01728215217590332
0.3,5,0.599484,0.5,10,0.69,0.12274635093014648,345,0.7333333333333334,0.5333333333333333,0.65,0.6333333333333333,0.9,0.534129524230957,0.01736621856689453
0.3,5,0.599484,0.5,20,0.7033333333333334,0.07774602526460399,287,0.7333333333333334,0.7333333333333334,0.8166666666666667,0.6333333333333333,0.6000000000000001,0.5348452568054199,0.017234325408935547
0.3,5,0.599484,0.5,50,0.6966666666666667,0.08459051693633016,321,0.6333333333333333,0.6166666666666667,0.8,0.6333333333333333,0.8,0.5442706108093261,0.017417287826538085
0.3,5,0.599484,0.7,5,0.6666666666666666,0.03496029493900506,417,0.6333333333333333,0.65,0.7166666666666667,0.6333333333333333,0.7,0.5393441200256348,0.01708536148071289
0.3,5,0.599484,0.7,10,0.69,0.10572501018102472,345,0.65,0.6166666666666667,0.65,0.6333333333333333,0.9,0.5398906707763672,0.017214202880859376
0.3,5,0.599484,0.7,20,0.7633333333333333,0.08969082698049141,54,0.7333333333333334,0.8166666666666667,0.7333333333333334,0.6333333333333333,0.9,0.5442573070526123,0.017570638656616212
0.3,5,0.599484,0.7,50,0.7633333333333333,0.08969082698049141,54,0.8166666666666667,0.7333333333333334,0.7333333333333334,0.6333333333333333,0.9,0.5534196853637695,0.01719379425048828
0.3,5,0.599484,0.9,5,0.6833333333333333,0.03496029493900506,368,0.6333333333333333,0.65,0.7166666666666667,0.7166666666666667,0.7,0.5272222042083741,0.01700139045715332
0.3,5,0.599484,0.9,10,0.6466666666666667,0.08653836657164782,439,0.5333333333333333,0.6166666666666667,0.65,0.6333333333333333,0.8,0.5343455314636231,0.01723484992980957
0.3,5,0.599484,0.9,20,0.75,0.14181364924121764,91,0.65,0.8166666666666667,0.65,0.6333333333333333,1.0,0.533720874786377,0.01727781295776367
0.3,5,0.599484,0.9,50,0.78,0.12220201853215573,12,0.8166666666666667,0.7166666666666667,0.65,0.7166666666666667,1.0,0.5433301448822021,0.01736559867858887
0.3,5,2.15443,0.1,5,0.6333333333333333,0.1639783183499846,523,0.3833333333333333,0.6166666666666667,0.65,0.6166666666666667,0.9,0.599061107635498,0.017091703414916993
0.3,5,2.15443,0.1,10,0.71,0.10519822558706333,258,0.8333333333333333,0.55,0.7333333333333334,0.6333333333333333,0.8,0.6022617816925049,0.017337465286254884
0.3,5,2.15443,0.1,20,0.7033333333333334,0.09392668535736912,287,0.65,0.8166666666666667,0.8166666666666667,0.6333333333333333,0.6000000000000001,0.6062714099884033,0.017311859130859374
0.3,5,2.15443,0.1,50,0.72,0.10077477638553982,224,0.7333333333333334,0.5333333333333333,0.8166666666666667,0.7166666666666667,0.8,0.6128936290740967,0.01736602783203125
0.3,5,2.15443,0.3,5,0.6733333333333333,0.14243907079481,382,0.4666666666666667,0.7333333333333334,0.65,0.6166666666666667,0.9,0.6435092449188232,0.017339706420898438
0.3,5,2.15443,0.3,10,0.6733333333333332,0.06377042156569666,386,0.65,0.6333333333333333,0.65,0.6333333333333333,0.8,0.650140905380249,0.016982650756835936
0.3,5,2.15443,0.3,20,0.7033333333333334,0.09392668535736912,287,0.65,0.8166666666666667,0.8166666666666667,0.6333333333333333,0.6000000000000001,0.6475673198699952,0.017432689666748047
0.3,5,2.15443,0.3,50,0.72,0.1161416759345623,224,0.7333333333333334,0.5333333333333333,0.7166666666666667,0.7166666666666667,0.9,0.6554358005523682,0.017599153518676757
0.3,5,2.15443,0.5,5,0.6733333333333333,0.13021349989749742,382,0.5666666666666667,0.7333333333333334,0.55,0.6166666666666667,0.9,0.6789284229278565,0.017387199401855468
0.3,5,2.15443,0.5,10,0.6366666666666667,0.04876246279442595,512,0.65,0.55,0.65,0.6333333333333333,0.7,0.6909605979919433,0.017742204666137695
0.3,5,2.15443,0.5,20,0.6666666666666666,0.07673909622147557,417,0.65,0.6333333333333333,0.8166666666666667,0.6333333333333333,0.6000000000000001,0.6877299785614014,0.017543458938598634
0.3,5,2.15443,0.5,50,0.72,0.12265579661982734,224,0.55,0.7166666666666667,0.9,0.6333333333333333,0.8,0.6982073783874512,0.017611265182495117
0.3,5,2.15443,0.7,5,0.74,0.08730533902472531,130,0.6333333333333333,0.7333333333333334,0.7166666666666667,0.7166666666666667,0.9,0.7377114295959473,0.020712661743164062
0.3,5,2.15443,0.7,10,0.6533333333333333,0.02449489742783177,431,0.65,0.6333333333333333,0.65,0.6333333333333333,0.7,0.7334973812103271,0.017346668243408202
0.3,5,2.15443,0.7,20,0.7033333333333334,0.06446359868604572,287,0.65,0.7166666666666667,0.8166666666666667,0.6333333333333333,0.7,0.7301173686981202,0.01744813919067383
0.3,5,2.15443,0.7,50,0.7933333333333333,0.10466878978738388,5,0.6333333333333333,0.8166666666666667,0.9,0.7166666666666667,0.9,0.7394684314727783,0.017309045791625975
0.3,5,2.15443,0.9,5,0.7066666666666667,0.10143416036468628,268,0.6333333333333333,0.65,0.7166666666666667,0.6333333333333333,0.9,0.7084400653839111,0.017433786392211915
0.3,5,2.15443,0.9,10,0.6733333333333332,0.06377042156569666,386,0.65,0.6333333333333333,0.65,0.6333333333333333,0.8,0.71246337890625,0.017325878143310547
0.3,5,2.15443,0.9,20,0.6700000000000002,0.06616477747093068,404,0.65,0.7166666666666667,0.7333333333333334,0.55,0.7,0.7151174068450927,0.017255115509033202
0.3,5,2.15443,0.9,50,0.7766666666666666,0.09225568335398698,31,0.7166666666666667,0.8166666666666667,0.8166666666666667,0.6333333333333333,0.9,0.7243643283843995,0.017414426803588866
0.3,5,7.74264,0.1,5,0.6266666666666666,0.060184900284225934,593,0.6333333333333333,0.5166666666666667,0.65,0.6333333333333333,0.7,0.6321930408477783,0.017381048202514647
0.3,5,7.74264,0.1,10,0.6933333333333334,0.06463573143221775,323,0.6666666666666666,0.6333333333333333,0.7333333333333334,0.6333333333333333,0.8,0.6371940612792969,0.01713700294494629
0.3,5,7.74264,0.1,20,0.7466666666666667,0.10077477638553983,99,0.65,0.8166666666666667,0.7333333333333334,0.6333333333333333,0.9,0.6367816925048828,0.017183446884155275
0.3,5,7.74264,0.1,50,0.7033333333333334,0.13224556283251582,287,0.7333333333333334,0.45,0.8166666666666667,0.7166666666666667,0.8,0.6478624820709229,0.0172670841217041
0.3,5,7.74264,0.3,5,0.5766666666666667,0.07788880963698616,658,0.4666666666666667,0.65,0.65,0.6166666666666667,0.5,0.7950284004211425,0.017505836486816407
0.3,5,7.74264,0.3,10,0.6733333333333332,0.09345230512584125,386,0.75,0.5333333333333333,0.65,0.6333333333333333,0.8,0.8015089511871338,0.017324447631835938
0.3,5,7.74264,0.3,20,0.7233333333333334,0.07859884081701066,190,0.7333333333333334,0.6333333333333333,0.8166666666666667,0.6333333333333333,0.8,0.7989847183227539,0.017142105102539062
0.3,5,7.74264,0.3,50,0.7,0.08881941729649488,314,0.7333333333333334,0.5333333333333333,0.7166666666666667,0.7166666666666667,0.8,0.8078554630279541,0.01724247932434082
0.3,5,7.74264,0.5,5,0.5933333333333334,0.19049642749639398,621,0.4666666666666667,0.3333333333333333,0.65,0.6166666666666667,0.9,0.8527077674865723,0.01743168830871582
0.3,5,7.74264,0.5,10,0.6733333333333332,0.09345230512584121,386,0.8333333333333333,0.55,0.65,0.6333333333333333,0.7,0.8690320014953613,0.017478561401367186
0.3,5,7.74264,0.5,20,0.7233333333333334,0.07498147919467996,190,0.65,0.7166666666666667,0.8166666666666667,0.6333333333333333,0.8,0.8705912113189698,0.01719059944152832
0.3,5,7.74264,0.5,50,0.72,0.15542057635833023,224,0.6333333333333333,0.5333333333333333,0.7166666666666667,0.7166666666666667,1.0,0.8724270343780518,0.01896638870239258
0.3,5,7.74264,0.7,5,0.5900000000000001,0.20154955277107967,653,0.4666666666666667,0.3333333333333333,0.7333333333333334,0.5166666666666667,0.9,0.8750580787658692,0.017349433898925782
0.3,5,7.74264,0.7,10,0.6699999999999999,0.07023769168568493,407,0.7333333333333334,0.55,0.7333333333333334,0.6333333333333333,0.7,0.8780436992645264,0.01725912094116211
0.3,5,7.74264,0.7,20,0.7066666666666667,0.06548960901462833,268,0.65,0.7333333333333334,0.8166666666666667,0.6333333333333333,0.7,0.8795728206634521,0.017111921310424806
0.3,5,7.74264,0.7,50,0.65,0.14181364924121764,436,0.55,0.45,0.8166666666666667,0.6333333333333333,0.8,0.8889714241027832,0.017354726791381836
0.3,5,7.74264,0.9,5,0.6333333333333333,0.13621877827801698,523,0.5666666666666667,0.5333333333333333,0.55,0.6166666666666667,0.9,0.9458967208862304,0.017606353759765624
0.3,5,7.74264,0.9,10,0.6166666666666667,0.03800584750330458,600,0.65,0.55,0.65,0.6333333333333333,0.6000000000000001,0.9544770240783691,0.017231559753417967
0.3,5,7.74264,0.9,20,0.7266666666666667,0.09463379711052261,182,0.65,0.7166666666666667,0.7333333333333334,0.6333333333333333,0.9,0.9585841655731201,0.01730031967163086
0.3,5,7.74264,0.9,50,0.7366666666666666,0.13349989596333858,159,0.6333333333333333,0.6166666666666667,0.9,0.6333333333333333,0.9,0.9661338329315186,0.017357778549194337
0.3,5,27.8256,0.1,5,0.6466666666666667,0.09030811456096045,439,0.6333333333333333,0.5166666666666667,0.65,0.6333333333333333,0.8,0.6453619480133057,0.0171785831451416
0.3,5,27.8256,0.1,10,0.7133333333333333,0.1002219758558194,247,0.6666666666666666,0.6333333333333333,0.7333333333333334,0.6333333333333333,0.9,0.6486063957214355,0.0175809383392334
0.3,5,27.8256,0.1,20,0.7466666666666667,0.10077477638553983,99,0.65,0.8166666666666667,0.7333333333333334,0.6333333333333333,0.9,0.6590370655059814,0.017281007766723634
0.3,5,27.8256,0.1,50,0.6633333333333333,0.06944222218666553,421,0.65,0.5333333333333333,0.7166666666666667,0.7166666666666667,0.7,0.6588437557220459,0.017281198501586915
0.3,5,27.8256,0.3,5,0.6266666666666666,0.060184900284225934,593,0.6333333333333333,0.5166666666666667,0.65,0.6333333333333333,0.7,0.7399224758148193,0.017211198806762695
0.3,5,27.8256,0.3,10,0.6733333333333332,0.03887301263230203,386,0.6666666666666666,0.6333333333333333,0.7333333333333334,0.6333333333333333,0.7,0.7446109771728515,0.017244911193847655
0.3,5,27.8256,0.3,20,0.7233333333333333,0.05925462944877061,209,0.7333333333333334,0.8166666666666667,0.7333333333333334,0.6333333333333333,0.7,0.7457419872283936,0.017461013793945313
0.3,5,27.8256,0.3,50,0.72,0.10077477638553982,224,0.7333333333333334,0.5333333333333333,0.8166666666666667,0.7166666666666667,0.8,0.7564270496368408,0.01743307113647461
0.3,5,27.8256,0.5,5,0.65,0.14023789311975088,436,0.4666666666666667,0.6166666666666667,0.65,0.6166666666666667,0.9,0.8892749786376953,0.01748337745666504
0.3,5,27.8256,0.5,10,0.6900000000000001,0.09521904571390469,333,0.75,0.5333333333333333,0.7333333333333334,0.6333333333333333,0.8,0.8940456867218017,0.01736030578613281
0.3,5,27.8256,0.5,20,0.7066666666666667,0.08339997335464537,268,0.65,0.6333333333333333,0.8166666666666667,0.6333333333333333,0.8,0.9005608558654785,0.017353200912475587
0.3,5,27.8256,0.5,50,0.7566666666666666,0.042946995755750415,78,0.7333333333333334,0.7166666666666667,0.8166666666666667,0.7166666666666667,0.8,0.9014960289001465,0.017315673828125
0.3,5,27.8256,0.7,5,0.5566666666666668,0.08205689083394115,691,0.4666666666666667,0.45,0.65,0.6166666666666667,0.6,0.9545984268188477,0.017820453643798827
0.3,5,27.8256,0.7,10,0.6933333333333332,0.12409673645990857,327,0.75,0.5333333333333333,0.65,0.6333333333333333,0.9,0.9583163261413574,0.017109012603759764
0.3,5,27.8256,0.7,20,0.6933333333333332,0.10360180178613371,327,0.65,0.6333333333333333,0.65,0.6333333333333333,0.9,0.961657190322876,0.017564916610717775
0.3,5,27.8256,0.7,50,0.7166666666666666,0.10697871023920807,242,0.7333333333333334,0.5166666666666667,0.8166666666666667,0.7166666666666667,0.8,0.9721341133117676,0.017501163482666015
0.3,5,27.8256,0.9,5,0.5533333333333333,0.06944222218666554,725,0.4666666666666667,0.5333333333333333,0.65,0.6166666666666667,0.5,1.0407034873962402,0.01727914810180664
0.3,5,27.8256,0.9,10,0.6900000000000001,0.11135528725660043,333,0.8333333333333333,0.5333333333333333,0.65,0.6333333333333333,0.8,1.0489642143249511,0.017424678802490233
0.3,5,27.8256,0.9,20,0.6900000000000001,0.06633249580710802,333,0.7333333333333334,0.6333333333333333,0.65,0.6333333333333333,0.8,1.050687599182129,0.017789793014526368
0.3,5,27.8256,0.9,50,0.7233333333333334,0.15151090903151349,190,0.7333333333333334,0.45,0.8166666666666667,0.7166666666666667,0.9,1.0552330493927002,0.017322063446044922
0.3,5,100.0,0.1,5,0.6266666666666667,0.12229290885229428,591,0.6333333333333333,0.4166666666666667,0.65,0.6333333333333333,0.8,0.6882616519927979,0.01752324104309082
0.3,5,100.0,0.1,10,0.7133333333333333,0.1002219758558194,247,0.6666666666666666,0.6333333333333333,0.7333333333333334,0.6333333333333333,0.9,0.6932013988494873,0.017318010330200195
0.3,5,100.0,0.1,20,0.71,0.1171893055416463,258,0.55,0.7333333333333334,0.7333333333333334,0.6333333333333333,0.9,0.6950034618377685,0.017183685302734376
0.3,5,100.0,0.1,50,0.6466666666666667,0.10132456102380442,439,0.65,0.45,0.7166666666666667,0.7166666666666667,0.7,0.7064993858337403,0.01747903823852539
0.3,5,100.0,0.3,5,0.6266666666666667,0.12229290885229428,591,0.6333333333333333,0.4166666666666667,0.65,0.6333333333333333,0.8,0.6984452247619629,0.017248916625976562
0.3,5,100.0,0.3,10,0.7133333333333333,0.1002219758558194,247,0.6666666666666666,0.6333333333333333,0.7333333333333334,0.6333333333333333,0.9,0.6996293067932129,0.017332983016967774
0.3,5,100.0,0.3,20,0.7466666666666667,0.10077477638553983,99,0.65,0.8166666666666667,0.7333333333333334,0.6333333333333333,0.9,0.7080851078033448,0.017336225509643553
0.3,5,100.0,0.3,50,0.6633333333333333,0.06944222218666553,421,0.65,0.5333333333333333,0.7166666666666667,0.7166666666666667,0.7,0.710639476776123,0.017379379272460936
0.3,5,100.0,0.5,5,0.6466666666666667,0.09030811456096045,439,0.6333333333333333,0.5166666666666667,0.65,0.6333333333333333,0.8,0.7167702198028565,0.017702245712280275
0.3,5,100.0,0.5,10,0.7133333333333333,0.1002219758558194,247,0.6666666666666666,0.6333333333333333,0.7333333333333334,0.6333333333333333,0.9,0.7186250686645508,0.017501306533813477
0.3,5,100.0,0.5,20,0.7666666666666667,0.13374935098492585,38,0.65,0.8166666666666667,0.7333333333333334,0.6333333333333333,1.0,0.7207257270812988,0.017669677734375
0.3,5,100.0,0.5,50,0.7,0.08881941729649488,314,0.7333333333333334,0.5333333333333333,0.7166666666666667,0.7166666666666667,0.8,0.7325780868530274,0.01709146499633789
0.3,5,100.0,0.7,5,0.6266666666666666,0.060184900284225934,593,0.6333333333333333,0.5166666666666667,0.65,0.6333333333333333,0.7,0.7458218574523926,0.017237281799316405
0.3,5,100.0,0.7,10,0.7133333333333333,0.1002219758558194,247,0.6666666666666666,0.6333333333333333,0.7333333333333334,0.6333333333333333,0.9,0.7520519256591797,0.01738600730895996
0.3,5,100.0,0.7,20,0.7433333333333334,0.06463573143221774,112,0.7333333333333334,0.8166666666666667,0.7333333333333334,0.6333333333333333,0.8,0.7561320781707763,0.017350435256958008
0.3,5,100.0,0.7,50,0.72,0.10077477638553982,224,0.7333333333333334,0.5333333333333333,0.8166666666666667,0.7166666666666667,0.8,0.7627224922180176,0.01778883934020996
0.3,5,100.0,0.9,5,0.6266666666666666,0.060184900284225934,593,0.6333333333333333,0.5166666666666667,0.65,0.6333333333333333,0.7,0.7887362003326416,0.0172149658203125
0.3,5,100.0,0.9,10,0.6733333333333332,0.03887301263230203,386,0.6666666666666666,0.6333333333333333,0.7333333333333334,0.6333333333333333,0.7,0.7944916248321533,0.017644977569580077
0.3,5,100.0,0.9,20,0.7433333333333334,0.06463573143221774,112,0.7333333333333334,0.8166666666666667,0.7333333333333334,0.6333333333333333,0.8,0.7978314876556396,0.01722245216369629
0.3,5,100.0,0.9,50,0.74,0.06548960901462834,130,0.7333333333333334,0.6333333333333333,0.8166666666666667,0.7166666666666667,0.8,0.8065397262573242,0.017271900177001955
