param_clf__max_features,param_clf__min_samples_leaf,param_selector__C,param_selector__l1_ratio,param_selector__top_k,mean_test_score,std_test_score,rank_test_score,split0_test_score,split1_test_score,split2_test_score,split3_test_score,split4_test_score,mean_fit_time,mean_score_time
sqrt,1,0.001,0.1,5,0.6233333333333333,0.11907047399661168,469,0.43333333333333335,0.7166666666666667,0.7333333333333334,0.5333333333333333,0.7,0.4820242404937744,0.02091517448425293
sqrt,1,0.001,0.1,10,0.6033333333333333,0.10666666666666666,502,0.43333333333333335,0.7166666666666667,0.6333333333333333,0.5333333333333333,0.7,0.49096288681030276,0.020991086959838867
sqrt,1,0.001,0.1,20,0.4966666666666667,0.03399346342395189,669,0.5333333333333333,0.5333333333333333,0.4666666666666667,0.45,0.5,0.4978022575378418,0.021239662170410158
sqrt,1,0.001,0.1,50,0.5266666666666667,0.17467430008765203,630,0.8,0.5333333333333333,0.25,0.55,0.5,0.5005645751953125,0.021159601211547852
sqrt,1,0.001,0.3,5,0.6233333333333333,0.11907047399661168,469,0.43333333333333335,0.7166666666666667,0.7333333333333334,0.5333333333333333,0.7,0.4830025672912598,0.02126898765563965
sqrt,1,0.001,0.3,10,0.6033333333333333,0.10666666666666666,502,0.43333333333333335,0.7166666666666667,0.6333333333333333,0.5333333333333333,0.7,0.4862500190734863,0.020902538299560548
sqrt,1,0.001,0.3,20,0.4966666666666667,0.03399346342395189,669,0.5333333333333333,0.5333333333333333,0.4666666666666667,0.45,0.5,0.4929662227630615,0.021625757217407227
sqrt,1,0.001,0.3,50,0.5266666666666667,0.17467430008765203,630,0.8,0.5333333333333333,0.25,0.55,0.5,0.5014829158782959,0.020999813079833986
sqrt,1,0.001,0.5,5,0.6233333333333333,0.11907047399661168,469,0.43333333333333335,0.7166666666666667,0.7333333333333334,0.5333333333333333,0.7,0.48409056663513184,0.02098536491394043
sqrt,1,0.001,0.5,10,0.6033333333333333,0.10666666666666666,502,0.43333333333333335,0.7166666666666667,0.6333333333333333,0.5333333333333333,0.7,0.4914520740509033,0.02097468376159668
sqrt,1,0.001,0.5,20,0.4966666666666667,0.03399346342395189,669,0.5333333333333333,0.5333333333333333,0.4666666666666667,0.45,0.5,0.4928701877593994,0.021295595169067382
sqrt,1,0.001,0.5,50,0.5266666666666667,0.17467430008765203,630,0.8,0.5333333333333333,0.25,0.55,0.5,0.49812660217285154,0.020933246612548827
sqrt,1,0.001,0.7,5,0.6233333333333333,0.11907047399661168,469,0.43333333333333335,0.7166666666666667,0.7333333333333334,0.5333333333333333,0.7,0.4856750011444092,0.020903825759887695
sqrt,1,0.001,0.7,10,0.6033333333333333,0.10666666666666666,502,0.43333333333333335,0.7166666666666667,0.6333333333333333,0.5333333333333333,0.7,0.4873631000518799,0.021101760864257812
sqrt,1,0.001,0.7,20,0.4966666666666667,0.03399346342395189,669,0.5333333333333333,0.5333333333333333,0.4666666666666667,0.45,0.5,0.49909152984619143,0.021132278442382812
sqrt,1,0.001,0.7,50,0.5266666666666667,0.17467430008765203,630,0.8,0.5333333333333333,0.25,0.55,0.5,0.49810152053833007,0.021033191680908205
sqrt,1,0.001,0.9,5,0.6233333333333333,0.11907047399661168,469,0.43333333333333335,0.7166666666666667,0.7333333333333334,0.5333333333333333,0.7,0.48714661598205566,0.02095026969909668
sqrt,1,0.001,0.9,10,0.6033333333333333,0.10666666666666666,502,0.43333333333333335,0.7166666666666667,0.6333333333333333,0.5333333333333333,0.7,0.49323501586914065,0.021031665802001952
sqrt,1,0.001,0.9,20,0.4966666666666667,0.03399346342395189,669,0.5333333333333333,0.5333333333333333,0.4666666666666667,0.45,0.5,0.49496045112609866,0.021346282958984376
sqrt,1,0.001,0.9,50,0.5266666666666667,0.17467430008765203,630,0.8,0.5333333333333333,0.25,0.55,0.5,0.5015635013580322,0.02102799415588379
sqrt,1,0.00359381,0.1,5,0.6233333333333333,0.11907047399661168,469,0.43333333333333335,0.7166666666666667,0.7333333333333334,0.5333333333333333,0.7,0.4844195365905762,0.021224164962768556
sqrt,1,0.00359381,0.1,10,0.6033333333333333,0.10666666666666666,502,0.43333333333333335,0.7166666666666667,0.6333333333333333,0.5333333333333333,0.7,0.4876608371734619,0.02123856544494629
sqrt,1,0.00359381,0.1,20,0.4966666666666667,0.03399346342395189,669,0.5333333333333333,0.5333333333333333,0.4666666666666667,0.45,0.5,0.49457497596740724,0.021157121658325194
sqrt,1,0.00359381,0.1,50,0.5266666666666667,0.17467430008765203,630,0.8,0.5333333333333333,0.25,0.55,0.5,0.4981577396392822,0.020975637435913085
sqrt,1,0.00359381,0.3,5,0.6233333333333333,0.11907047399661168,469,0.43333333333333335,0.7166666666666667,0.7333333333333334,0.5333333333333333,0.7,0.4818221092224121,0.020919370651245116
sqrt,1,0.00359381,0.3,10,0.6033333333333333,0.10666666666666666,502,0.43333333333333335,0.7166666666666667,0.6333333333333333,0.5333333333333333,0.7,0.4912874698638916,0.02097492218017578
sqrt,1,0.00359381,0.3,20,0.4966666666666667,0.03399346342395189,669,0.5333333333333333,0.5333333333333333,0.4666666666666667,0.45,0.5,0.4977004051208496,0.02111515998840332
sqrt,1,0.00359381,0.3,50,0.5266666666666667,0.17467430008765203,630,0.8,0.5333333333333333,0.25,0.55,0.5,0.4987051010131836,0.020955896377563475
sqrt,1,0.00359381,0.5,5,0.6233333333333333,0.11907047399661168,469,0.43333333333333335,0.7166666666666667,0.7333333333333334,0.5333333333333333,0.7,0.48555936813354494,0.020863962173461915
sqrt,1,0.00359381,0.5,10,0.6033333333333333,0.10666666666666666,502,0.43333333333333335,0.7166666666666667,0.6333333333333333,0.5333333333333333,0.7,0.4891465663909912,0.02110710144042969
sqrt,1,0.00359381,0.5,20,0.4966666666666667,0.03399346342395189,669,0.5333333333333333,0.5333333333333333,0.4666666666666667,0.45,0.5,0.49452815055847166,0.02131972312927246
sqrt,1,0.00359381,0.5,50,0.5266666666666667,0.17467430008765203,630,0.8,0.5333333333333333,0.25,0.55,0.5,0.5009666442871094,0.021022605895996093
sqrt,1,0.00359381,0.7,5,0.6233333333333333,0.11907047399661168,469,0.43333333333333335,0.7166666666666667,0.7333333333333334,0.5333333333333333,0.7,0.48817925453186034,0.020988321304321288
sqrt,1,0.00359381,0.7,10,0.6033333333333333,0.10666666666666666,502,0.43333333333333335,0.7166666666666667,0.6333333333333333,0.5333333333333333,0.7,0.49204564094543457,0.021344470977783202
sqrt,1,0.00359381,0.7,20,0.4966666666666667,0.03399346342395189,669,0.5333333333333333,0.5333333333333333,0.4666666666666667,0.45,0.5,0.49544463157653806,0.02144465446472168
sqrt,1,0.00359381,0.7,50,0.5266666666666667,0.17467430008765203,630,0.8,0.5333333333333333,0.25,0.55,0.5,0.4983689308166504,0.021078157424926757
sqrt,1,0.00359381,0.9,5,0.6233333333333333,0.11907047399661168,469,0.43333333333333335,0.7166666666666667,0.7333333333333334,0.5333333333333333,0.7,0.48606019020080565,0.021494388580322266
sqrt,1,0.00359381,0.9,10,0.6033333333333333,0.10666666666666666,502,0.43333333333333335,0.7166666666666667,0.6333333333333333,0.5333333333333333,0.7,0.49115920066833496,0.021141481399536134
sqrt,1,0.00359381,0.9,20,0.4966666666666667,0.03399346342395189,669,0.5333333333333333,0.5333333333333333,0.4666666666666667,0.45,0.5,0.4957496166229248,0.02090630531311035
sqrt,1,0.00359381,0.9,50,0.5266666666666667,0.17467430008765203,630,0.8,0.5333333333333333,0.25,0.55,0.5,0.499648380279541,0.02118854522705078
sqrt,1,0.0129155,0.1,5,0.6566666666666666,0.13808210118138653,423,0.7,0.5666666666666667,0.6166666666666667,0.9,0.5,0.49449772834777833,0.020899486541748048
sqrt,1,0.0129155,0.1,10,0.7333333333333333,0.10954451150103323,171,0.9,0.6333333333333333,0.8,0.7333333333333334,0.6000000000000001,0.4949961185455322,0.02107267379760742
sqrt,1,0.0129155,0.1,20,0.6799999999999999,0.054160256030906434,362,0.7333333333333334,0.6333333333333333,0.7,0.7333333333333334,0.6,0.5001821041107177,0.020885229110717773
sqrt,1,0.0129155,0.1,50,0.8133333333333335,0.07483314773547882,1,0.9,0.7333333333333334,0.8,0.7333333333333334,0.9,0.5079714775085449,0.021168947219848633
sqrt,1,0.0129155,0.3,5,0.6233333333333333,0.11907047399661168,469,0.43333333333333335,0.7166666666666667,0.7333333333333334,0.5333333333333333,0.7,0.48613295555114744,0.021024227142333984
sqrt,1,0.0129155,0.3,10,0.6033333333333333,0.10666666666666666,502,0.43333333333333335,0.7166666666666667,0.6333333333333333,0.5333333333333333,0.7,0.49258852005004883,0.020937347412109376
sqrt,1,0.0129155,0.3,20,0.4966666666666667,0.03399346342395189,669,0.5333333333333333,0.5333333333333333,0.4666666666666667,0.45,0.5,0.49945268630981443,0.021436309814453124
sqrt,1,0.0129155,0.3,50,0.5266666666666667,0.17467430008765203,630,0.8,0.5333333333333333,0.25,0.55,0.5,0.5013633728027344,0.021179723739624023
sqrt,1,0.0129155,0.5,5,0.6233333333333333,0.11907047399661168,469,0.43333333333333335,0.7166666666666667,0.7333333333333334,0.5333333333333333,0.7,0.48596882820129395,0.021026134490966797
sqrt,1,0.0129155,0.5,10,0.6033333333333333,0.10666666666666666,502,0.43333333333333335,0.7166666666666667,0.6333333333333333,0.5333333333333333,0.7,0.4895894527435303,0.021054601669311522
sqrt,1,0.0129155,0.5,20,0.4966666666666667,0.03399346342395189,669,0.5333333333333333,0.5333333333333333,0.4666666666666667,0.45,0.5,0.4965970993041992,0.021079874038696288
sqrt,1,0.0129155,0.5,50,0.5266666666666667,0.17467430008765203,630,0.8,0.5333333333333333,0.25,0.55,0.5,0.502585506439209,0.020943403244018555
sqrt,1,0.0129155,0.7,5,0.6233333333333333,0.11907047399661168,469,0.43333333333333335,0.7166666666666667,0.7333333333333334,0.5333333333333333,0.7,0.48668084144592283,0.02096524238586426
sqrt,1,0.0129155,0.7,10,0.6033333333333333,0.10666666666666666,502,0.43333333333333335,0.7166666666666667,0.6333333333333333,0.5333333333333333,0.7,0.4918389797210693,0.021142959594726562
sqrt,1,0.0129155,0.7,20,0.4966666666666667,0.03399346342395189,669,0.5333333333333333,0.5333333333333333,0.4666666666666667,0.45,0.5,0.4954859256744385,0.021121883392333986
sqrt,1,0.0129155,0.7,50,0.5266666666666667,0.17467430008765203,630,0.8,0.5333333333333333,0.25,0.55,0.5,0.5029951095581054,0.021140623092651366
sqrt,1,0.0129155,0.9,5,0.6233333333333333,0.11907047399661168,469,0.43333333333333335,0.7166666666666667,0.7333333333333334,0.5333333333333333,0.7,0.4845263481140137,0.021055030822753906
sqrt,1,0.0129155,0.9,10,0.6033333333333333,0.10666666666666666,502,0.43333333333333335,0.7166666666666667,0.6333333333333333,0.5333333333333333,0.7,0.49167585372924805,0.020920372009277342
sqrt,1,0.0129155,0.9,20,0.4966666666666667,0.03399346342395189,669,0.5333333333333333,0.5333333333333333,0.4666666666666667,0.45,0.5,0.49453253746032716,0.021265649795532228
sqrt,1,0.0129155,0.9,50,0.5266666666666667,0.17467430008765203,630,0.8,0.5333333333333333,0.25,0.55,0.5,0.5005238056182861,0.020957517623901366
sqrt,1,0.0464159,0.1,5,0.6866666666666668,0.1561338457150716,310,0.8166666666666667,0.5666666666666667,0.6333333333333333,0.9166666666666667,0.5,0.5055554866790771,0.020980691909790038
sqrt,1,0.0464159,0.1,10,0.7200000000000001,0.12534397117975443,193,0.9,0.55,0.6166666666666667,0.7333333333333334,0.8,0.5045631885528564,0.02097487449645996
sqrt,1,0.0464159,0.1,20,0.73,0.09683892697555964,180,0.9,0.7333333333333334,0.7,0.7166666666666667,0.6000000000000001,0.5100484371185303,0.021046972274780272
sqrt,1,0.0464159,0.1,50,0.7733333333333332,0.07118052168020875,43,0.9,0.7333333333333334,0.7,0.7333333333333334,0.8,0.5132364273071289,0.021171712875366212
sqrt,1,0.0464159,0.3,5,0.7566666666666666,0.11430952132988166,81,0.8,0.5666666666666667,0.8166666666666667,0.9,0.7,0.5046110153198242,0.021105051040649414
sqrt,1,0.0464159,0.3,10,0.7233333333333333,0.0793025150224688,188,0.65,0.7333333333333334,0.6166666666666667,0.8166666666666667,0.8,0.5070831775665283,0.021030759811401366
sqrt,1,0.0464159,0.3,20,0.7566666666666667,0.09580071908799942,78,0.7166666666666667,0.7333333333333334,0.6166666666666667,0.8166666666666667,0.9,0.5116850376129151,0.02104606628417969
sqrt,1,0.0464159,0.3,50,0.7966666666666666,0.10561986345169905,4,0.8,0.7333333333333334,0.7166666666666667,0.7333333333333334,1.0,0.5164809703826905,0.020950508117675782
sqrt,1,0.0464159,0.5,5,0.54,0.10252370999486464,617,0.43333333333333335,0.6166666666666667,0.5,0.45,0.7,0.49460697174072266,0.020906543731689452
sqrt,1,0.0464159,0.5,10,0.57,0.09910712498212335,599,0.43333333333333335,0.6666666666666666,0.5166666666666667,0.5333333333333333,0.7,0.5017106056213378,0.021024465560913086
sqrt,1,0.0464159,0.5,20,0.6300000000000001,0.08393118874676113,459,0.5333333333333333,0.75,0.6166666666666667,0.55,0.7,0.5045844554901123,0.02109532356262207
sqrt,1,0.0464159,0.5,50,0.6833333333333333,0.09006170724070862,318,0.8,0.75,0.6166666666666667,0.55,0.7,0.5091684818267822,0.02096381187438965
sqrt,1,0.0464159,0.7,5,0.6233333333333333,0.11907047399661168,469,0.43333333333333335,0.7166666666666667,0.7333333333333334,0.5333333333333333,0.7,0.48983335494995117,0.021164417266845703
sqrt,1,0.0464159,0.7,10,0.6033333333333333,0.10666666666666666,502,0.43333333333333335,0.7166666666666667,0.6333333333333333,0.5333333333333333,0.7,0.49520153999328614,0.021300029754638673
sqrt,1,0.0464159,0.7,20,0.4966666666666667,0.03399346342395189,669,0.5333333333333333,0.5333333333333333,0.4666666666666667,0.45,0.5,0.49463629722595215,0.020974445343017577
sqrt,1,0.0464159,0.7,50,0.5266666666666667,0.17467430008765203,630,0.8,0.5333333333333333,0.25,0.55,0.5,0.5011787414550781,0.02115664482116699
sqrt,1,0.0464159,0.9,5,0.6233333333333333,0.11907047399661168,469,0.43333333333333335,0.7166666666666667,0.7333333333333334,0.5333333333333333,0.7,0.4853217124938965,0.02131514549255371
sqrt,1,0.0464159,0.9,10,0.6033333333333333,0.10666666666666666,502,0.43333333333333335,0.7166666666666667,0.6333333333333333,0.5333333333333333,0.7,0.48712773323059083,0.021047544479370118
sqrt,1,0.0464159,0.9,20,0.4966666666666667,0.03399346342395189,669,0.5333333333333333,0.5333333333333333,0.4666666666666667,0.45,0.5,0.4938171863555908,0.02106781005859375
sqrt,1,0.0464159,0.9,50,0.5266666666666667,0.17467430008765203,630,0.8,0.5333333333333333,0.25,0.55,0.5,0.4981238842010498,0.021199607849121095
sqrt,1,0.16681,0.1,5,0.5666666666666667,0.13944333775567924,601,0.8166666666666667,0.4666666666666667,0.43333333333333335,0.6166666666666667,0.5,0.5334073066711426,0.02102952003479004
sqrt,1,0.16681,0.1,10,0.6633333333333333,0.1407914138796192,392,0.9,0.5666666666666667,0.6166666666666667,0.7333333333333334,0.5,0.532543420791626,0.02098221778869629
sqrt,1,0.16681,0.1,20,0.7533333333333333,0.07557189365836424,96,0.9,0.75,0.7,0.7166666666666667,0.7,0.5365876674652099,0.020937776565551756
sqrt,1,0.16681,0.1,50,0.7533333333333333,0.04000000000000002,96,0.8,0.7333333333333334,0.7,0.7333333333333334,0.8,0.5415998935699463,0.020908117294311523
sqrt,1,0.16681,0.3,5,0.6433333333333333,0.13767917618708922,431,0.8166666666666667,0.65,0.6333333333333333,0.7166666666666667,0.4,0.5358805179595947,0.020827388763427733
sqrt,1,0.16681,0.3,10,0.7166666666666667,0.15811388300841897,228,0.9,0.55,0.6166666666666667,0.9166666666666667,0.6,0.5373618602752686,0.0209867000579834
sqrt,1,0.16681,0.3,20,0.7733333333333334,0.09521904571390469,26,0.9,0.8333333333333333,0.7,0.6333333333333333,0.8,0.5411396026611328,0.021081161499023438
sqrt,1,0.16681,0.3,50,0.7166666666666668,0.07149203529842409,224,0.8,0.65,0.7,0.6333333333333333,0.8,0.5459641456604004,0.020987939834594727
sqrt,1,0.16681,0.5,5,0.72,0.15684387141358122,208,0.8166666666666667,0.5666666666666667,0.9,0.8166666666666667,0.5,0.5421076774597168,0.020969724655151366
sqrt,1,0.16681,0.5,10,0.7733333333333332,0.08856886837057616,43,0.9,0.65,0.7,0.8166666666666667,0.8,0.5469366073608398,0.020986652374267577
sqrt,1,0.16681,0.5,20,0.7333333333333332,0.0894427190999916,175,0.9,0.7333333333333334,0.7,0.6333333333333333,0.7,0.5458812713623047,0.021048259735107423
sqrt,1,0.16681,0.5,50,0.7566666666666666,0.0891939210683977,81,0.9,0.7333333333333334,0.7166666666666667,0.6333333333333333,0.8,0.551057243347168,0.020960903167724608
sqrt,1,0.16681,0.7,5,0.7733333333333334,0.0946337971105226,26,0.9,0.7333333333333334,0.8166666666666667,0.6166666666666667,0.8,0.5407110214233398,0.020976495742797852
sqrt,1,0.16681,0.7,10,0.79,0.07859884081701066,7,0.9,0.8333333333333333,0.7,0.8166666666666667,0.7,0.5436898231506347,0.02107391357421875
sqrt,1,0.16681,0.7,20,0.7100000000000001,0.06463573143221771,249,0.8,0.7333333333333334,0.7,0.7166666666666667,0.6000000000000001,0.5531356334686279,0.020874404907226564
sqrt,1,0.16681,0.7,50,0.7566666666666666,0.13888444437333106,81,1.0,0.7333333333333334,0.6166666666666667,0.6333333333333333,0.8,0.5555715084075927,0.021084022521972657
sqrt,1,0.16681,0.9,5,0.8,0.08563488385776753,2,0.8166666666666667,0.65,0.8166666666666667,0.9166666666666667,0.8,0.534217119216919,0.02098708152770996
sqrt,1,0.16681,0.9,10,0.7733333333333334,0.11671427600007733,26,0.9,0.7333333333333334,0.6166666666666667,0.9166666666666667,0.7,0.5353875637054444,0.021116304397583007
sqrt,1,0.16681,0.9,20,0.7533333333333333,0.12710450643291746,96,0.9,0.8166666666666667,0.5333333333333333,0.8166666666666667,0.7,0.5388541698455811,0.021154260635375975
sqrt,1,0.16681,0.9,50,0.7233333333333334,0.06798692684790383,181,0.8,0.6666666666666666,0.7166666666666667,0.6333333333333333,0.8,0.5448073387145996,0.021097087860107423
sqrt,1,0.599484,0.1,5,0.5733333333333334,0.1796910929592474,555,0.9166666666666667,0.4666666666666667,0.55,0.5333333333333333,0.4,0.6034014701843262,0.021130800247192383
sqrt,1,0.599484,0.1,10,0.6433333333333333,0.1364632632697248,431,0.9,0.5666666666666667,0.6166666666666667,0.6333333333333333,0.5,0.6045835494995118,0.02087240219116211
sqrt,1,0.599484,0.1,20,0.7133333333333333,0.09797958971132714,243,0.9,0.6333333333333333,0.7,0.6333333333333333,0.7,0.6069768905639649,0.021036672592163085
sqrt,1,0.599484,0.1,50,0.7899999999999998,0.06960204339273701,15,0.9,0.7333333333333334,0.7,0.8166666666666667,0.8,0.6118189811706543,0.021031618118286133
sqrt,1,0.599484,0.3,5,0.6066666666666667,0.14087031072743625,500,0.8166666666666667,0.5666666666666667,0.43333333333333335,0.7166666666666667,0.5,0.6205879211425781,0.021005725860595702
sqrt,1,0.599484,0.3,10,0.6833333333333333,0.12202003478482085,318,0.9,0.5666666666666667,0.6166666666666667,0.7333333333333334,0.6,0.6223145008087159,0.02093796730041504
sqrt,1,0.599484,0.3,20,0.7366666666666667,0.10022197585581939,143,0.9,0.65,0.7,0.6333333333333333,0.8,0.6237599849700928,0.021105194091796876
sqrt,1,0.599484,0.3,50,0.7699999999999999,0.07333333333333335,51,0.9,0.7333333333333334,0.7,0.7166666666666667,0.8,0.6300942420959472,0.02102055549621582
sqrt,1,0.599484,0.5,5,0.6633333333333333,0.16275407487644938,392,0.8166666666666667,0.5666666666666667,0.5333333333333333,0.9,0.5,0.6169139385223389,0.021106433868408204
sqrt,1,0.599484,0.5,10,0.7,0.13457752825457567,263,0.9,0.75,0.6166666666666667,0.7333333333333334,0.5,0.6172369003295899,0.02100400924682617
sqrt,1,0.599484,0.5,20,0.7733333333333334,0.09521904571390469,26,0.9,0.8333333333333333,0.7,0.6333333333333333,0.8,0.6217065334320069,0.02089996337890625
sqrt,1,0.599484,0.5,50,0.7366666666666667,0.10561986345169906,143,0.9,0.7333333333333334,0.6166666666666667,0.6333333333333333,0.8,0.628838062286377,0.020964956283569335
sqrt,1,0.599484,0.7,5,0.7,0.11595018087284058,263,0.8166666666666667,0.65,0.8,0.7333333333333334,0.5,0.6379070281982422,0.020996570587158203
sqrt,1,0.599484,0.7,10,0.6799999999999999,0.1664665465224503,362,0.9,0.75,0.6166666666666667,0.7333333333333334,0.4,0.6397289752960205,0.02091975212097168
sqrt,1,0.599484,0.7,20,0.7533333333333333,0.09092121131323906,96,0.9,0.7333333333333334,0.7,0.6333333333333333,0.8,0.6451550006866456,0.020774316787719727
sqrt,1,0.599484,0.7,50,0.6966666666666667,0.06699917080747261,296,0.8,0.7333333333333334,0.6166666666666667,0.6333333333333333,0.7,0.6495136737823486,0.020857858657836913
sqrt,1,0.599484,0.9,5,0.6633333333333333,0.10718623460542351,392,0.8166666666666667,0.65,0.6166666666666667,0.7333333333333334,0.5,0.6533025741577149,0.02149930000305176
sqrt,1,0.599484,0.9,10,0.7133333333333332,0.17042430708218956,247,0.9,0.75,0.7,0.8166666666666667,0.4,0.6539316654205323,0.02217998504638672
sqrt,1,0.599484,0.9,20,0.7166666666666667,0.12472191289246469,228,0.9,0.8333333333333333,0.6166666666666667,0.6333333333333333,0.6000000000000001,0.6532093048095703,0.02100505828857422
sqrt,1,0.599484,0.9,50,0.7566666666666666,0.09637888196533975,81,0.9,0.8333333333333333,0.7166666666666667,0.6333333333333333,0.7,0.6615116596221924,0.02097797393798828
sqrt,1,2.15443,0.1,5,0.5733333333333334,0.1796910929592474,555,0.9166666666666667,0.4666666666666667,0.55,0.5333333333333333,0.4,0.7303380966186523,0.02103147506713867
sqrt,1,2.15443,0.1,10,0.68,0.13308309851784755,341,0.9,0.65,0.6166666666666667,0.7333333333333334,0.5,0.7314929008483887,0.021124839782714844
sqrt,1,2.15443,0.1,20,0.7533333333333333,0.09092121131323906,96,0.9,0.7333333333333334,0.7,0.6333333333333333,0.8,0.7320542812347413,0.020981836318969726
sqrt,1,2.15443,0.1,50,0.7533333333333333,0.09392668535736913,96,0.9,0.7333333333333334,0.6166666666666667,0.7166666666666667,0.8,0.7402172088623047,0.021010875701904297
sqrt,1,2.15443,0.3,5,0.61,0.1614517471774978,495,0.9166666666666667,0.4666666666666667,0.55,0.6166666666666667,0.5,0.7969187259674072,0.021201372146606445
sqrt,1,2.15443,0.3,10,0.68,0.13920408678547402,341,0.9,0.5666666666666667,0.7,0.7333333333333334,0.5,0.8031604290008545,0.020894241333007813
sqrt,1,2.15443,0.3,20,0.7533333333333333,0.09092121131323906,96,0.9,0.7333333333333334,0.7,0.6333333333333333,0.8,0.800935935974121,0.021020221710205077
sqrt,1,2.15443,0.3,50,0.7699999999999999,0.07333333333333335,51,0.9,0.7333333333333334,0.7,0.7166666666666667,0.8,0.8177683830261231,0.020940542221069336
sqrt,1,2.15443,0.5,5,0.6066666666666667,0.18396859635395507,500,0.9166666666666667,0.4666666666666667,0.43333333333333335,0.7166666666666667,0.5,0.8179576873779297,0.02108001708984375
sqrt,1,2.15443,0.5,10,0.7,0.13457752825457567,263,0.9,0.75,0.6166666666666667,0.7333333333333334,0.5,0.8138936996459961,0.02090482711791992
sqrt,1,2.15443,0.5,20,0.7766666666666667,0.09637888196533972,19,0.9,0.8333333333333333,0.6166666666666667,0.7333333333333334,0.8,0.8145790576934815,0.0212799072265625
sqrt,1,2.15443,0.5,50,0.7699999999999999,0.07333333333333335,51,0.9,0.7333333333333334,0.7,0.7166666666666667,0.8,0.8235018253326416,0.02088918685913086
sqrt,1,2.15443,0.7,5,0.61,0.16719914938645938,495,0.9166666666666667,0.5666666666666667,0.43333333333333335,0.6333333333333333,0.5,0.796008825302124,0.021061801910400392
sqrt,1,2.15443,0.7,10,0.6799999999999999,0.1664665465224503,362,0.9,0.75,0.6166666666666667,0.7333333333333334,0.4,0.796279001235962,0.021048545837402344
sqrt,1,2.15443,0.7,20,0.7733333333333334,0.09521904571390469,26,0.9,0.8333333333333333,0.7,0.6333333333333333,0.8,0.7971317291259765,0.021763181686401366
sqrt,1,2.15443,0.7,50,0.7166666666666668,0.07888106377466156,224,0.8,0.7333333333333334,0.6166666666666667,0.6333333333333333,0.8,0.8040879249572754,0.02113170623779297
sqrt,1,2.15443,0.9,5,0.6133333333333333,0.16377491328717664,488,0.9166666666666667,0.5666666666666667,0.45,0.6333333333333333,0.5,0.8694846153259277,0.021033477783203126
sqrt,1,2.15443,0.9,10,0.6399999999999999,0.17275544693133252,454,0.9,0.75,0.4166666666666667,0.6333333333333333,0.5,0.8709578037261962,0.021133279800415038
sqrt,1,2.15443,0.9,20,0.7700000000000001,0.08192137151629672,50,0.9,0.8333333333333333,0.7,0.7166666666666667,0.7,0.8729360103607178,0.02124776840209961
sqrt,1,2.15443,0.9,50,0.7366666666666667,0.11175369742826806,143,0.9,0.8333333333333333,0.6166666666666667,0.6333333333333333,0.7,0.8831449985504151,0.02096133232116699
sqrt,1,7.74264,0.1,5,0.5733333333333334,0.1740370330960882,555,0.9166666666666667,0.4666666666666667,0.5333333333333333,0.45,0.5,0.8338475227355957,0.021040964126586913
sqrt,1,7.74264,0.1,10,0.6599999999999999,0.14321700705960558,416,0.9,0.65,0.7166666666666667,0.5333333333333333,0.5,0.8346202373504639,0.021076154708862305
sqrt,1,7.74264,0.1,20,0.7733333333333332,0.07118052168020875,43,0.9,0.7333333333333334,0.7,0.7333333333333334,0.8,0.841816759109497,0.020932435989379883
sqrt,1,7.74264,0.1,50,0.7699999999999999,0.07333333333333335,51,0.9,0.7333333333333334,0.7,0.7166666666666667,0.8,0.8459464073181152,0.02087540626525879
sqrt,1,7.74264,0.3,5,0.61,0.18636880997992486,495,0.9166666666666667,0.4666666666666667,0.55,0.7166666666666667,0.4,0.9980404376983643,0.02094745635986328
sqrt,1,7.74264,0.3,10,0.7166666666666667,0.10219806477837262,228,0.9,0.65,0.7,0.7333333333333334,0.6,1.004308557510376,0.021119976043701173
sqrt,1,7.74264,0.3,20,0.7733333333333334,0.08793937305515281,26,0.9,0.7333333333333334,0.8,0.6333333333333333,0.8,1.001759910583496,0.020913457870483397
sqrt,1,7.74264,0.3,50,0.7899999999999998,0.06960204339273701,15,0.9,0.7333333333333334,0.7,0.8166666666666667,0.8,0.9999864578247071,0.020915699005126954
sqrt,1,7.74264,0.5,5,0.5700000000000001,0.19304576314093683,575,0.9166666666666667,0.4666666666666667,0.35,0.6166666666666667,0.5,1.0638675689697266,0.021031618118286133
sqrt,1,7.74264,0.5,10,0.72,0.16138291249213604,208,1.0,0.6666666666666666,0.7,0.7333333333333334,0.5,1.0657158374786377,0.02101597785949707
sqrt,1,7.74264,0.5,20,0.7533333333333333,0.09092121131323906,96,0.9,0.7333333333333334,0.7,0.6333333333333333,0.8,1.0697372913360597,0.021061468124389648
sqrt,1,7.74264,0.5,50,0.75,0.07601169500660922,125,0.9,0.7333333333333334,0.7,0.7166666666666667,0.7,1.0731211662292481,0.020911169052124024
sqrt,1,7.74264,0.7,5,0.63,0.16713268182295568,461,0.9166666666666667,0.4666666666666667,0.55,0.7166666666666667,0.5,1.1073662281036376,0.020921945571899414
sqrt,1,7.74264,0.7,10,0.7,0.13457752825457567,263,0.9,0.75,0.6166666666666667,0.7333333333333334,0.5,1.1099184513092042,0.02105231285095215
sqrt,1,7.74264,0.7,20,0.74,0.10572501018102472,130,0.9,0.75,0.6166666666666667,0.6333333333333333,0.8,1.1106731414794921,0.02099637985229492
sqrt,1,7.74264,0.7,50,0.7699999999999999,0.07333333333333335,51,0.9,0.7333333333333334,0.7,0.7166666666666667,0.8,1.11993088722229,0.02085556983947754
sqrt,1,7.74264,0.9,5,0.6266666666666667,0.17275544693133255,463,0.9166666666666667,0.5666666666666667,0.43333333333333335,0.7166666666666667,0.5,1.1442502021789551,0.021053504943847657
sqrt,1,7.74264,0.9,10,0.7,0.13457752825457567,263,0.9,0.75,0.6166666666666667,0.7333333333333334,0.5,1.1312010765075684,0.021972274780273436
sqrt,1,7.74264,0.9,20,0.7766666666666666,0.06960204339273701,24,0.9,0.75,0.7,0.7333333333333334,0.8,1.141794490814209,0.021079540252685547
sqrt,1,7.74264,0.9,50,0.7533333333333333,0.09392668535736913,96,0.9,0.7333333333333334,0.6166666666666667,0.7166666666666667,0.8,1.1400334358215332,0.021272563934326173
sqrt,1,27.8256,0.1,5,0.5866666666666667,0.14352700094407325,543,0.7166666666666667,0.4666666666666667,0.8,0.45,0.5,0.7635793685913086,0.02105093002319336
sqrt,1,27.8256,0.1,10,0.7200000000000001,0.11125546178852425,193,0.9,0.55,0.7166666666666667,0.7333333333333334,0.7,0.7643144607543946,0.021283578872680665
sqrt,1,27.8256,0.1,20,0.7333333333333332,0.0894427190999916,175,0.9,0.7333333333333334,0.7,0.6333333333333333,0.7,0.7679755210876464,0.02100234031677246
sqrt,1,27.8256,0.1,50,0.79,0.07423685817106697,7,0.9,0.8333333333333333,0.7,0.7166666666666667,0.8,0.7736320495605469,0.021135759353637696
sqrt,1,27.8256,0.3,5,0.5333333333333334,0.0960324019392529,626,0.7166666666666667,0.4666666666666667,0.5333333333333333,0.45,0.5,1.0025928020477295,0.020997285842895508
sqrt,1,27.8256,0.3,10,0.6799999999999999,0.1305543735171076,362,0.9,0.65,0.7166666666666667,0.6333333333333333,0.5,1.002684736251831,0.021036195755004882
sqrt,1,27.8256,0.3,20,0.7933333333333333,0.061101009266077845,5,0.9,0.7333333333333334,0.8,0.7333333333333334,0.8,1.0083216667175292,0.021015405654907227
sqrt,1,27.8256,0.3,50,0.7699999999999999,0.07333333333333335,51,0.9,0.7333333333333334,0.7,0.7166666666666667,0.8,1.015334701538086,0.021077680587768554
sqrt,1,27.8256,0.5,5,0.5333333333333333,0.20138409955990957,628,0.9166666666666667,0.4666666666666667,0.35,0.5333333333333333,0.4,1.1577071666717529,0.020896244049072265
sqrt,1,27.8256,0.5,10,0.6966666666666667,0.12927146286443544,296,0.9,0.65,0.7,0.7333333333333334,0.5,1.155074453353882,0.021122026443481445
sqrt,1,27.8256,0.5,20,0.7533333333333333,0.09092121131323906,96,0.9,0.7333333333333334,0.8,0.6333333333333333,0.7,1.160925817489624,0.021000099182128907
sqrt,1,27.8256,0.5,50,0.7699999999999999,0.07333333333333335,51,0.9,0.7333333333333334,0.7,0.7166666666666667,0.8,1.1641990661621093,0.020862388610839843
sqrt,1,27.8256,0.7,5,0.61,0.18636880997992486,495,0.9166666666666667,0.4666666666666667,0.55,0.7166666666666667,0.4,1.2430978298187256,0.02099781036376953
sqrt,1,27.8256,0.7,10,0.6633333333333333,0.13759844960366863,392,0.9,0.48333333333333334,0.7,0.6333333333333333,0.6,1.2452595233917236,0.020849132537841798
sqrt,1,27.8256,0.7,20,0.7533333333333333,0.09092121131323906,96,0.9,0.7333333333333334,0.7,0.6333333333333333,0.8,1.2464588642120362,0.021077060699462892
sqrt,1,27.8256,0.7,50,0.7899999999999998,0.06960204339273701,15,0.9,0.7333333333333334,0.7,0.8166666666666667,0.8,1.2590092658996581,0.020975494384765626
sqrt,1,27.8256,0.9,5,0.5700000000000001,0.19304576314093683,575,0.9166666666666667,0.4666666666666667,0.35,0.6166666666666667,0.5,1.3321280002593994,0.021228265762329102
sqrt,1,27.8256,0.9,10,0.7033333333333334,0.17204650534085253,252,1.0,0.48333333333333334,0.7,0.7333333333333334,0.6,1.3492799282073975,0.021178007125854492
sqrt,1,27.8256,0.9,20,0.7566666666666666,0.1008849730028104,81,0.9,0.65,0.8,0.6333333333333333,0.8,1.3413809299468995,0.021264171600341795
sqrt,1,27.8256,0.9,50,0.7699999999999999,0.07333333333333335,51,0.9,0.7333333333333334,0.7,0.7166666666666667,0.8,1.3703953742980957,0.02091355323791504
sqrt,1,100.0,0.1,5,0.5900000000000001,0.14854853303438129,540,0.7166666666666667,0.4666666666666667,0.8166666666666667,0.45,0.5,0.800292682647705,0.021150684356689452
sqrt,1,100.0,0.1,10,0.7033333333333334,0.13840359661351131,252,0.9,0.4666666666666667,0.7166666666666667,0.7333333333333334,0.7,0.799289321899414,0.02090907096862793
sqrt,1,100.0,0.1,20,0.7733333333333334,0.07118052168020875,26,0.9,0.7333333333333334,0.8,0.7333333333333334,0.7,0.7999468803405761,0.021113491058349608
sqrt,1,100.0,0.1,50,0.7733333333333332,0.07195677714974302,43,0.9,0.75,0.7,0.7166666666666667,0.8,0.8054186820983886,0.021102285385131835
sqrt,1,100.0,0.3,5,0.5866666666666667,0.14352700094407325,543,0.7166666666666667,0.4666666666666667,0.8,0.45,0.5,0.8136547565460205,0.02111849784851074
sqrt,1,100.0,0.3,10,0.7200000000000001,0.11125546178852425,193,0.9,0.55,0.7166666666666667,0.7333333333333334,0.7,0.8185911655426026,0.020934438705444335
sqrt,1,100.0,0.3,20,0.7533333333333333,0.07483314773547885,96,0.9,0.7333333333333334,0.7,0.7333333333333334,0.7,0.8188670635223388,0.021146488189697266
sqrt,1,100.0,0.3,50,0.7533333333333333,0.08781293248212994,96,0.9,0.65,0.7,0.7166666666666667,0.8,0.8258132457733154,0.021041297912597658
sqrt,1,100.0,0.5,5,0.5666666666666667,0.130384048104053,601,0.6166666666666667,0.4666666666666667,0.8,0.45,0.5,0.8660848140716553,0.020963668823242188
sqrt,1,100.0,0.5,10,0.7200000000000001,0.11125546178852425,193,0.9,0.55,0.7166666666666667,0.7333333333333334,0.7,0.8650317192077637,0.02096104621887207
sqrt,1,100.0,0.5,20,0.7533333333333333,0.07483314773547885,96,0.9,0.7333333333333334,0.7,0.7333333333333334,0.7,0.869821834564209,0.021039295196533202
sqrt,1,100.0,0.5,50,0.7699999999999999,0.07333333333333335,51,0.9,0.7333333333333334,0.7,0.7166666666666667,0.8,0.878057336807251,0.02123265266418457
sqrt,1,100.0,0.7,5,0.5166666666666667,0.06497862896539308,649,0.6333333333333333,0.4666666666666667,0.5333333333333333,0.45,0.5,0.9650501728057861,0.02102375030517578
sqrt,1,100.0,0.7,10,0.74,0.08472176684759225,130,0.9,0.65,0.7166666666666667,0.7333333333333334,0.7,0.9638301372528076,0.021174144744873048
sqrt,1,100.0,0.7,20,0.7333333333333332,0.0894427190999916,175,0.9,0.7333333333333334,0.7,0.6333333333333333,0.7,0.9661023616790771,0.021055889129638673
sqrt,1,100.0,0.7,50,0.7699999999999999,0.07333333333333335,51,0.9,0.7333333333333334,0.7,0.7166666666666667,0.8,0.976439380645752,0.020981693267822267
sqrt,1,100.0,0.9,5,0.5333333333333334,0.0960324019392529,626,0.7166666666666667,0.4666666666666667,0.5333333333333333,0.45,0.5,1.0649738788604737,0.021051931381225585
sqrt,1,100.0,0.9,10,0.7,0.12952906151816965,263,0.9,0.65,0.7166666666666667,0.7333333333333334,0.5,1.0661326885223388,0.02101421356201172
sqrt,1,100.0,0.9,20,0.7533333333333333,0.09092121131323906,96,0.9,0.7333333333333334,0.7,0.6333333333333333,0.8,1.0677505016326905,0.021091794967651366
sqrt,1,100.0,0.9,50,0.7699999999999999,0.07333333333333335,51,0.9,0.7333333333333334,0.7,0.7166666666666667,0.8,1.0735363006591796,0.021169185638427734
sqrt,5,0.001,0.1,5,0.4333333333333333,0.06666666666666667,753,0.43333333333333335,0.3333333333333333,0.4666666666666667,0.5333333333333333,0.4,0.4738926887512207,0.020888566970825195
sqrt,5,0.001,0.1,10,0.4333333333333333,0.06666666666666667,753,0.43333333333333335,0.3333333333333333,0.4666666666666667,0.5333333333333333,0.4,0.4756953716278076,0.02075047492980957
sqrt,5,0.001,0.1,20,0.44666666666666666,0.09392668535736914,721,0.6166666666666667,0.3333333333333333,0.45,0.43333333333333335,0.4,0.4783419132232666,0.02092890739440918
sqrt,5,0.001,0.1,50,0.5733333333333334,0.13482498944104454,555,0.8166666666666667,0.55,0.45,0.45,0.6,0.4839951515197754,0.020617246627807617
sqrt,5,0.001,0.3,5,0.4333333333333333,0.06666666666666667,753,0.43333333333333335,0.3333333333333333,0.4666666666666667,0.5333333333333333,0.4,0.4764610767364502,0.02069988250732422
sqrt,5,0.001,0.3,10,0.4333333333333333,0.06666666666666667,753,0.43333333333333335,0.3333333333333333,0.4666666666666667,0.5333333333333333,0.4,0.47412738800048826,0.020919942855834962
sqrt,5,0.001,0.3,20,0.44666666666666666,0.09392668535736914,721,0.6166666666666667,0.3333333333333333,0.45,0.43333333333333335,0.4,0.47987046241760256,0.021202945709228517
sqrt,5,0.001,0.3,50,0.5733333333333334,0.13482498944104454,555,0.8166666666666667,0.55,0.45,0.45,0.6,0.4802376747131348,0.021068382263183593
sqrt,5,0.001,0.5,5,0.4333333333333333,0.06666666666666667,753,0.43333333333333335,0.3333333333333333,0.4666666666666667,0.5333333333333333,0.4,0.4729835033416748,0.020641231536865236
sqrt,5,0.001,0.5,10,0.4333333333333333,0.06666666666666667,753,0.43333333333333335,0.3333333333333333,0.4666666666666667,0.5333333333333333,0.4,0.4738037109375,0.020811176300048827
sqrt,5,0.001,0.5,20,0.44666666666666666,0.09392668535736914,721,0.6166666666666667,0.3333333333333333,0.45,0.43333333333333335,0.4,0.47605347633361816,0.020783615112304688
sqrt,5,0.001,0.5,50,0.5733333333333334,0.13482498944104454,555,0.8166666666666667,0.55,0.45,0.45,0.6,0.48131256103515624,0.020970964431762697
sqrt,5,0.001,0.7,5,0.4333333333333333,0.06666666666666667,753,0.43333333333333335,0.3333333333333333,0.4666666666666667,0.5333333333333333,0.4,0.4738332271575928,0.020786333084106445
sqrt,5,0.001,0.7,10,0.4333333333333333,0.06666666666666667,753,0.43333333333333335,0.3333333333333333,0.4666666666666667,0.5333333333333333,0.4,0.4747296333312988,0.020806169509887694
sqrt,5,0.001,0.7,20,0.44666666666666666,0.09392668535736914,721,0.6166666666666667,0.3333333333333333,0.45,0.43333333333333335,0.4,0.47683424949645997,0.020979976654052733
sqrt,5,0.001,0.7,50,0.5733333333333334,0.13482498944104454,555,0.8166666666666667,0.55,0.45,0.45,0.6,0.4811434745788574,0.02080197334289551
sqrt,5,0.001,0.9,5,0.4333333333333333,0.06666666666666667,753,0.43333333333333335,0.3333333333333333,0.4666666666666667,0.5333333333333333,0.4,0.4829247951507568,0.02072596549987793
sqrt,5,0.001,0.9,10,0.4333333333333333,0.06666666666666667,753,0.43333333333333335,0.3333333333333333,0.4666666666666667,0.5333333333333333,0.4,0.4825319766998291,0.020752859115600587
sqrt,5,0.001,0.9,20,0.44666666666666666,0.09392668535736914,721,0.6166666666666667,0.3333333333333333,0.45,0.43333333333333335,0.4,0.47731218338012693,0.020867300033569337
sqrt,5,0.001,0.9,50,0.5733333333333334,0.13482498944104454,555,0.8166666666666667,0.55,0.45,0.45,0.6,0.4848824977874756,0.02074909210205078
sqrt,5,0.00359381,0.1,5,0.4333333333333333,0.06666666666666667,753,0.43333333333333335,0.3333333333333333,0.4666666666666667,0.5333333333333333,0.4,0.47523837089538573,0.020881032943725585
sqrt,5,0.00359381,0.1,10,0.4333333333333333,0.06666666666666667,753,0.43333333333333335,0.3333333333333333,0.4666666666666667,0.5333333333333333,0.4,0.4739052772521973,0.020897722244262694
sqrt,5,0.00359381,0.1,20,0.44666666666666666,0.09392668535736914,721,0.6166666666666667,0.3333333333333333,0.45,0.43333333333333335,0.4,0.478256893157959,0.02089858055114746
sqrt,5,0.00359381,0.1,50,0.5733333333333334,0.13482498944104454,555,0.8166666666666667,0.55,0.45,0.45,0.6,0.4822068691253662,0.021137189865112305
sqrt,5,0.00359381,0.3,5,0.4333333333333333,0.06666666666666667,753,0.43333333333333335,0.3333333333333333,0.4666666666666667,0.5333333333333333,0.4,0.47481279373168944,0.0205411434173584
sqrt,5,0.00359381,0.3,10,0.4333333333333333,0.06666666666666667,753,0.43333333333333335,0.3333333333333333,0.4666666666666667,0.5333333333333333,0.4,0.4771279335021973,0.021260499954223633
sqrt,5,0.00359381,0.3,20,0.44666666666666666,0.09392668535736914,721,0.6166666666666667,0.3333333333333333,0.45,0.43333333333333335,0.4,0.4779233932495117,0.020626592636108398
sqrt,5,0.00359381,0.3,50,0.5733333333333334,0.13482498944104454,555,0.8166666666666667,0.55,0.45,0.45,0.6,0.4830420970916748,0.020795154571533202
sqrt,5,0.00359381,0.5,5,0.4333333333333333,0.06666666666666667,753,0.43333333333333335,0.3333333333333333,0.4666666666666667,0.5333333333333333,0.4,0.4730957508087158,0.020742416381835938
sqrt,5,0.00359381,0.5,10,0.4333333333333333,0.06666666666666667,753,0.43333333333333335,0.3333333333333333,0.4666666666666667,0.5333333333333333,0.4,0.47647995948791505,0.02138376235961914
sqrt,5,0.00359381,0.5,20,0.44666666666666666,0.09392668535736914,721,0.6166666666666667,0.3333333333333333,0.45,0.43333333333333335,0.4,0.4787609100341797,0.02101478576660156
sqrt,5,0.00359381,0.5,50,0.5733333333333334,0.13482498944104454,555,0.8166666666666667,0.55,0.45,0.45,0.6,0.48656201362609863,0.02082977294921875
sqrt,5,0.00359381,0.7,5,0.4333333333333333,0.06666666666666667,753,0.43333333333333335,0.3333333333333333,0.4666666666666667,0.5333333333333333,0.4,0.47745304107666015,0.020644140243530274
sqrt,5,0.00359381,0.7,10,0.4333333333333333,0.06666666666666667,753,0.43333333333333335,0.3333333333333333,0.4666666666666667,0.5333333333333333,0.4,0.473642635345459,0.020963430404663086
sqrt,5,0.00359381,0.7,20,0.44666666666666666,0.09392668535736914,721,0.6166666666666667,0.3333333333333333,0.45,0.43333333333333335,0.4,0.4802107810974121,0.020602989196777343
sqrt,5,0.00359381,0.7,50,0.5733333333333334,0.13482498944104454,555,0.8166666666666667,0.55,0.45,0.45,0.6,0.48853540420532227,0.020708227157592775
sqrt,5,0.00359381,0.9,5,0.4333333333333333,0.06666666666666667,753,0.43333333333333335,0.3333333333333333,0.4666666666666667,0.5333333333333333,0.4,0.4753139495849609,0.020972490310668945
sqrt,5,0.00359381,0.9,10,0.4333333333333333,0.06666666666666667,753,0.43333333333333335,0.3333333333333333,0.4666666666666667,0.5333333333333333,0.4,0.4780150890350342,0.021049308776855468
sqrt,5,0.00359381,0.9,20,0.44666666666666666,0.09392668535736914,721,0.6166666666666667,0.3333333333333333,0.45,0.43333333333333335,0.4,0.4801767826080322,0.020972394943237306
sqrt,5,0.00359381,0.9,50,0.5733333333333334,0.13482498944104454,555,0.8166666666666667,0.55,0.45,0.45,0.6,0.48102774620056155,0.02109837532043457
sqrt,5,0.0129155,0.1,5,0.6366666666666667,0.10456258094238749,456,0.7,0.5666666666666667,0.6166666666666667,0.8,0.5,0.48463730812072753,0.020636510848999024
sqrt,5,0.0129155,0.1,10,0.7766666666666667,0.12409673645990855,19,1.0,0.65,0.7166666666666667,0.8166666666666667,0.7,0.4876734733581543,0.02068500518798828
sqrt,5,0.0129155,0.1,20,0.7333333333333334,0.06411794687223782,166,0.8,0.65,0.7,0.8166666666666667,0.7,0.4911960124969482,0.02073535919189453
sqrt,5,0.0129155,0.1,50,0.7766666666666667,0.14854853303438129,19,0.9,0.65,0.6166666666666667,0.7166666666666667,1.0,0.4934319019317627,0.02080879211425781
sqrt,5,0.0129155,0.3,5,0.4333333333333333,0.06666666666666667,753,0.43333333333333335,0.3333333333333333,0.4666666666666667,0.5333333333333333,0.4,0.47724261283874514,0.020737600326538087
sqrt,5,0.0129155,0.3,10,0.4333333333333333,0.06666666666666667,753,0.43333333333333335,0.3333333333333333,0.4666666666666667,0.5333333333333333,0.4,0.47999277114868166,0.021030664443969727
sqrt,5,0.0129155,0.3,20,0.44666666666666666,0.09392668535736914,721,0.6166666666666667,0.3333333333333333,0.45,0.43333333333333335,0.4,0.4778693199157715,0.020884275436401367
sqrt,5,0.0129155,0.3,50,0.5733333333333334,0.13482498944104454,555,0.8166666666666667,0.55,0.45,0.45,0.6,0.48399982452392576,0.020859479904174805
sqrt,5,0.0129155,0.5,5,0.4333333333333333,0.06666666666666667,753,0.43333333333333335,0.3333333333333333,0.4666666666666667,0.5333333333333333,0.4,0.474000883102417,0.020847463607788087
sqrt,5,0.0129155,0.5,10,0.4333333333333333,0.06666666666666667,753,0.43333333333333335,0.3333333333333333,0.4666666666666667,0.5333333333333333,0.4,0.4755716323852539,0.020662498474121094
sqrt,5,0.0129155,0.5,20,0.44666666666666666,0.09392668535736914,721,0.6166666666666667,0.3333333333333333,0.45,0.43333333333333335,0.4,0.4781492710113525,0.021014642715454102
sqrt,5,0.0129155,0.5,50,0.5733333333333334,0.13482498944104454,555,0.8166666666666667,0.55,0.45,0.45,0.6,0.4847294330596924,0.020705318450927733
sqrt,5,0.0129155,0.7,5,0.4333333333333333,0.06666666666666667,753,0.43333333333333335,0.3333333333333333,0.4666666666666667,0.5333333333333333,0.4,0.47493505477905273,0.02074604034423828
sqrt,5,0.0129155,0.7,10,0.4333333333333333,0.06666666666666667,753,0.43333333333333335,0.3333333333333333,0.4666666666666667,0.5333333333333333,0.4,0.47591314315795896,0.020754480361938478
sqrt,5,0.0129155,0.7,20,0.44666666666666666,0.09392668535736914,721,0.6166666666666667,0.3333333333333333,0.45,0.43333333333333335,0.4,0.48076343536376953,0.021102237701416015
sqrt,5,0.0129155,0.7,50,0.5733333333333334,0.13482498944104454,555,0.8166666666666667,0.55,0.45,0.45,0.6,0.48429598808288576,0.02135334014892578
sqrt,5,0.0129155,0.9,5,0.4333333333333333,0.06666666666666667,753,0.43333333333333335,0.3333333333333333,0.4666666666666667,0.5333333333333333,0.4,0.473928165435791,0.020856857299804688
sqrt,5,0.0129155,0.9,10,0.4333333333333333,0.06666666666666667,753,0.43333333333333335,0.3333333333333333,0.4666666666666667,0.5333333333333333,0.4,0.4751023292541504,0.021018314361572265
sqrt,5,0.0129155,0.9,20,0.44666666666666666,0.09392668535736914,721,0.6166666666666667,0.3333333333333333,0.45,0.43333333333333335,0.4,0.4780285358428955,0.02081894874572754
sqrt,5,0.0129155,0.9,50,0.5733333333333334,0.13482498944104454,555,0.8166666666666667,0.55,0.45,0.45,0.6,0.48358802795410155,0.020911979675292968
sqrt,5,0.0464159,0.1,5,0.6666666666666666,0.12952906151816965,387,0.8166666666666667,0.5666666666666667,0.6333333333333333,0.8166666666666667,0.5,0.49455742835998534,0.02084650993347168
sqrt,5,0.0464159,0.1,10,0.7066666666666667,0.06110100926607785,250,0.8166666666666667,0.65,0.7166666666666667,0.65,0.7,0.4934257984161377,0.020789337158203126
sqrt,5,0.0464159,0.1,20,0.68,0.12534397117975443,341,0.9,0.65,0.5166666666666667,0.6333333333333333,0.7,0.496000862121582,0.020941829681396483
sqrt,5,0.0464159,0.1,50,0.74,0.10252370999486465,130,0.8,0.65,0.6166666666666667,0.7333333333333334,0.9,0.5078184604644775,0.020972347259521483
sqrt,5,0.0464159,0.3,5,0.6766666666666666,0.08406346808612326,377,0.7,0.5666666666666667,0.7166666666666667,0.8,0.6000000000000001,0.49657440185546875,0.020678901672363283
sqrt,5,0.0464159,0.3,10,0.7566666666666666,0.08602325267042628,81,0.9,0.65,0.7166666666666667,0.7166666666666667,0.8,0.49887876510620116,0.021011877059936523
sqrt,5,0.0464159,0.3,20,0.74,0.10198039027185572,130,0.8,0.7333333333333334,0.6333333333333333,0.6333333333333333,0.9,0.4992949962615967,0.02086629867553711
sqrt,5,0.0464159,0.3,50,0.7366666666666667,0.10295630140987001,143,0.8,0.65,0.6166666666666667,0.7166666666666667,0.9,0.5046873092651367,0.020896100997924806
sqrt,5,0.0464159,0.5,5,0.5266666666666666,0.07195677714974301,646,0.43333333333333335,0.4666666666666667,0.5166666666666667,0.6166666666666667,0.6,0.4868053436279297,0.020820999145507814
sqrt,5,0.0464159,0.5,10,0.5666666666666667,0.08232726023485644,601,0.43333333333333335,0.6666666666666666,0.5166666666666667,0.6166666666666667,0.6,0.4875682830810547,0.020760345458984374
sqrt,5,0.0464159,0.5,20,0.5900000000000001,0.0992191737742481,540,0.6166666666666667,0.75,0.45,0.5333333333333333,0.6,0.4898377418518066,0.020564794540405273
sqrt,5,0.0464159,0.5,50,0.68,0.09797958971132709,341,0.8166666666666667,0.65,0.5166666666666667,0.7166666666666667,0.7,0.49082016944885254,0.020944929122924803
sqrt,5,0.0464159,0.7,5,0.4333333333333333,0.06666666666666667,753,0.43333333333333335,0.3333333333333333,0.4666666666666667,0.5333333333333333,0.4,0.48477749824523925,0.02077145576477051
sqrt,5,0.0464159,0.7,10,0.4333333333333333,0.06666666666666667,753,0.43333333333333335,0.3333333333333333,0.4666666666666667,0.5333333333333333,0.4,0.4798163414001465,0.020843076705932616
sqrt,5,0.0464159,0.7,20,0.44666666666666666,0.09392668535736914,721,0.6166666666666667,0.3333333333333333,0.45,0.43333333333333335,0.4,0.4764717578887939,0.0210085391998291
sqrt,5,0.0464159,0.7,50,0.5733333333333334,0.13482498944104454,555,0.8166666666666667,0.55,0.45,0.45,0.6,0.48505239486694335,0.02097477912902832
sqrt,5,0.0464159,0.9,5,0.4333333333333333,0.06666666666666667,753,0.43333333333333335,0.3333333333333333,0.4666666666666667,0.5333333333333333,0.4,0.47325429916381834,0.02092604637145996
sqrt,5,0.0464159,0.9,10,0.4333333333333333,0.06666666666666667,753,0.43333333333333335,0.3333333333333333,0.4666666666666667,0.5333333333333333,0.4,0.4768777847290039,0.020839643478393555
sqrt,5,0.0464159,0.9,20,0.44666666666666666,0.09392668535736914,721,0.6166666666666667,0.3333333333333333,0.45,0.43333333333333335,0.4,0.47667536735534666,0.02111992835998535
sqrt,5,0.0464159,0.9,50,0.5733333333333334,0.13482498944104454,555,0.8166666666666667,0.55,0.45,0.45,0.6,0.48032379150390625,0.020893239974975587
sqrt,5,0.16681,0.1,5,0.5700000000000001,0.14429907214608906,575,0.8166666666666667,0.48333333333333334,0.6333333333333333,0.5166666666666667,0.4,0.5212296485900879,0.020921707153320312
sqrt,5,0.16681,0.1,10,0.7,0.1636391694484477,263,0.9,0.75,0.7166666666666667,0.7333333333333334,0.4,0.5263720989227295,0.02092442512512207
sqrt,5,0.16681,0.1,20,0.6833333333333333,0.12110601416389968,318,0.9,0.65,0.5333333333333333,0.6333333333333333,0.7,0.5262857913970947,0.020975780487060548
sqrt,5,0.16681,0.1,50,0.7166666666666666,0.07149203529842407,238,0.8,0.65,0.8,0.6333333333333333,0.7,0.5298692226409912,0.021016359329223633
sqrt,5,0.16681,0.3,5,0.6266666666666667,0.1778263822446552,463,0.8166666666666667,0.75,0.6333333333333333,0.6333333333333333,0.30000000000000004,0.526497745513916,0.02081589698791504
sqrt,5,0.16681,0.3,10,0.6633333333333333,0.1407914138796192,392,0.9,0.5666666666666667,0.6166666666666667,0.7333333333333334,0.5,0.5311720848083497,0.020908403396606445
sqrt,5,0.16681,0.3,20,0.6833333333333333,0.12110601416389968,318,0.9,0.65,0.5333333333333333,0.6333333333333333,0.7,0.5305613040924072,0.02084941864013672
sqrt,5,0.16681,0.3,50,0.7366666666666667,0.06359594676112974,143,0.8,0.75,0.7,0.6333333333333333,0.8,0.5341474533081054,0.02113947868347168
sqrt,5,0.16681,0.5,5,0.6599999999999999,0.14854853303438129,416,0.8166666666666667,0.4666666666666667,0.8,0.7166666666666667,0.5,0.533213472366333,0.020835351943969727
sqrt,5,0.16681,0.5,10,0.7633333333333333,0.08844332774281068,75,0.9,0.6666666666666666,0.7166666666666667,0.8333333333333333,0.7,0.533173656463623,0.02074422836303711
sqrt,5,0.16681,0.5,20,0.7200000000000001,0.11125546178852425,193,0.9,0.65,0.6166666666666667,0.6333333333333333,0.8,0.5390722274780273,0.021729516983032226
sqrt,5,0.16681,0.5,50,0.7566666666666667,0.13482498944104457,78,0.8,0.65,0.7,0.6333333333333333,1.0,0.5401701927185059,0.021028804779052734
sqrt,5,0.16681,0.7,5,0.7133333333333333,0.05906681715556451,243,0.8,0.7333333333333334,0.7166666666666667,0.6166666666666667,0.7,0.5386693000793457,0.020979595184326173
sqrt,5,0.16681,0.7,10,0.7366666666666667,0.10022197585581939,143,0.9,0.65,0.8,0.6333333333333333,0.7,0.5337666511535645,0.021027898788452147
sqrt,5,0.16681,0.7,20,0.7200000000000001,0.07102425250887508,193,0.8,0.65,0.7166666666666667,0.6333333333333333,0.8,0.5364861965179444,0.020984458923339843
sqrt,5,0.16681,0.7,50,0.72,0.11125546178852425,208,0.8,0.65,0.6166666666666667,0.6333333333333333,0.9,0.544202184677124,0.02093677520751953
sqrt,5,0.16681,0.9,5,0.7333333333333334,0.03800584750330463,166,0.8,0.75,0.7166666666666667,0.7,0.7,0.5216722011566162,0.020983123779296876
sqrt,5,0.16681,0.9,10,0.7733333333333333,0.10466878978738384,41,0.9,0.8333333333333333,0.7166666666666667,0.8166666666666667,0.6000000000000001,0.5225304126739502,0.02083621025085449
sqrt,5,0.16681,0.9,20,0.74,0.10252370999486464,130,0.8,0.8333333333333333,0.55,0.7166666666666667,0.8,0.5258597373962403,0.021046209335327148
sqrt,5,0.16681,0.9,50,0.7566666666666666,0.09345230512584125,81,0.9,0.75,0.6166666666666667,0.7166666666666667,0.8,0.5332036495208741,0.021333074569702147
sqrt,5,0.599484,0.1,5,0.5366666666666666,0.15860503004493756,624,0.8333333333333333,0.5666666666666667,0.45,0.43333333333333335,0.4,0.5955440044403076,0.020992422103881837
sqrt,5,0.599484,0.1,10,0.6599999999999999,0.17467430008765203,416,0.9,0.75,0.7166666666666667,0.5333333333333333,0.4,0.5959597110748291,0.020906352996826173
sqrt,5,0.599484,0.1,20,0.6633333333333333,0.12489995996796797,392,0.9,0.65,0.5333333333333333,0.6333333333333333,0.6,0.5986597537994385,0.021008110046386717
sqrt,5,0.599484,0.1,50,0.7566666666666666,0.1008849730028104,81,0.8,0.65,0.8,0.6333333333333333,0.9,0.6002993583679199,0.021082305908203126
sqrt,5,0.599484,0.3,5,0.6266666666666667,0.1492946378437246,463,0.8166666666666667,0.75,0.6333333333333333,0.5333333333333333,0.4,0.61355562210083,0.02087292671203613
sqrt,5,0.599484,0.3,10,0.6466666666666666,0.1723691129846386,425,0.9,0.75,0.5333333333333333,0.65,0.4,0.6151615619659424,0.020912313461303712
sqrt,5,0.599484,0.3,20,0.6833333333333333,0.12110601416389968,318,0.9,0.65,0.5333333333333333,0.6333333333333333,0.7,0.6164658546447754,0.021090173721313478
sqrt,5,0.599484,0.3,50,0.7533333333333333,0.06091888960832357,96,0.8,0.65,0.8,0.7166666666666667,0.8,0.620032787322998,0.021009397506713868
sqrt,5,0.599484,0.5,5,0.65,0.10110500592068733,424,0.8166666666666667,0.6666666666666666,0.6333333333333333,0.6333333333333333,0.5,0.607593584060669,0.020914220809936525
sqrt,5,0.599484,0.5,10,0.6466666666666666,0.1723691129846386,425,0.9,0.75,0.5333333333333333,0.65,0.4,0.6129218578338623,0.020976924896240236
sqrt,5,0.599484,0.5,20,0.74,0.08856886837057618,130,0.9,0.75,0.7166666666666667,0.6333333333333333,0.7,0.6117141246795654,0.021031713485717772
sqrt,5,0.599484,0.5,50,0.6833333333333333,0.06749485577105531,318,0.7166666666666667,0.65,0.6166666666666667,0.6333333333333333,0.8,0.614088773727417,0.0208709716796875
sqrt,5,0.599484,0.7,5,0.76,0.06377042156569665,77,0.8166666666666667,0.6666666666666666,0.8,0.8166666666666667,0.7,0.6262832164764405,0.02095456123352051
sqrt,5,0.599484,0.7,10,0.6799999999999999,0.18541245313564506,362,0.9,0.75,0.5333333333333333,0.8166666666666667,0.4,0.627381706237793,0.021014833450317384
sqrt,5,0.599484,0.7,20,0.7,0.1038160766826496,263,0.9,0.65,0.6166666666666667,0.6333333333333333,0.7,0.6306499004364013,0.020928573608398438
sqrt,5,0.599484,0.7,50,0.7200000000000001,0.07986099033807295,193,0.8,0.75,0.6166666666666667,0.6333333333333333,0.8,0.6360107421875,0.02076244354248047
sqrt,5,0.599484,0.9,5,0.7666666666666666,0.08366600265340758,74,0.9,0.6666666666666666,0.75,0.8166666666666667,0.7,0.6412397384643554,0.02080249786376953
sqrt,5,0.599484,0.9,10,0.6966666666666665,0.17009801096230764,308,0.9,0.6666666666666666,0.7,0.8166666666666667,0.4,0.6495865821838379,0.020916509628295898
sqrt,5,0.599484,0.9,20,0.7233333333333333,0.128062484748657,188,0.9,0.75,0.5333333333333333,0.6333333333333333,0.8,0.6465723991394043,0.021013641357421876
sqrt,5,0.599484,0.9,50,0.72,0.11125546178852425,208,0.8,0.65,0.6166666666666667,0.6333333333333333,0.9,0.6485432624816895,0.021051692962646484
sqrt,5,2.15443,0.1,5,0.47666666666666657,0.11527744310527052,704,0.6333333333333333,0.5666666666666667,0.45,0.43333333333333335,0.30000000000000004,0.7281967163085937,0.022350168228149413
sqrt,5,2.15443,0.1,10,0.6666666666666666,0.14023789311975085,387,0.9,0.6666666666666666,0.7166666666666667,0.55,0.5,0.722239351272583,0.02096667289733887
sqrt,5,2.15443,0.1,20,0.6799999999999999,0.1275408431313933,362,0.9,0.7333333333333334,0.5333333333333333,0.6333333333333333,0.6,0.7231464385986328,0.020903396606445312
sqrt,5,2.15443,0.1,50,0.6966666666666667,0.058118652580542336,296,0.8,0.65,0.7,0.6333333333333333,0.7,0.7278841018676758,0.021000003814697264
sqrt,5,2.15443,0.3,5,0.5633333333333334,0.1388044187577134,608,0.8333333333333333,0.48333333333333334,0.55,0.45,0.5,0.7824577331542969,0.020782089233398436
sqrt,5,2.15443,0.3,10,0.6633333333333333,0.1644519517805868,392,0.9,0.75,0.6166666666666667,0.65,0.4,0.7864572525024414,0.020856952667236327
sqrt,5,2.15443,0.3,20,0.6833333333333333,0.12909944487358055,318,0.9,0.75,0.5333333333333333,0.6333333333333333,0.6000000000000001,0.7877282619476318,0.020990800857543946
sqrt,5,2.15443,0.3,50,0.7366666666666667,0.10295630140987,143,0.9,0.65,0.6166666666666667,0.7166666666666667,0.8,0.7923551559448242,0.020882844924926758
sqrt,5,2.15443,0.5,5,0.6133333333333333,0.11850925889754116,488,0.8333333333333333,0.5666666666666667,0.6333333333333333,0.5333333333333333,0.5,0.8036707878112793,0.020840930938720702
sqrt,5,2.15443,0.5,10,0.6266666666666667,0.16485684025170985,463,0.9,0.65,0.5333333333333333,0.65,0.4,0.8055943489074707,0.020960092544555664
sqrt,5,2.15443,0.5,20,0.7200000000000001,0.11125546178852425,193,0.9,0.65,0.6166666666666667,0.6333333333333333,0.8,0.8064701080322265,0.020900392532348634
sqrt,5,2.15443,0.5,50,0.7333333333333333,0.09006170724070865,171,0.8,0.65,0.8166666666666667,0.8,0.6,0.8113222599029541,0.020902156829833984
sqrt,5,2.15443,0.7,5,0.67,0.11372481406154651,379,0.8333333333333333,0.75,0.6333333333333333,0.6333333333333333,0.5,0.7854681491851807,0.02111968994140625
sqrt,5,2.15443,0.7,10,0.6466666666666666,0.1723691129846386,425,0.9,0.75,0.5333333333333333,0.65,0.4,0.7854853630065918,0.020846462249755858
sqrt,5,2.15443,0.7,20,0.7566666666666666,0.09043106644167026,81,0.9,0.75,0.7,0.6333333333333333,0.8,0.7902951717376709,0.021152448654174805
sqrt,5,2.15443,0.7,50,0.68,0.0661647774709307,341,0.8,0.65,0.6166666666666667,0.6333333333333333,0.7,0.791510009765625,0.02100071907043457
sqrt,5,2.15443,0.9,5,0.67,0.11372481406154651,379,0.8333333333333333,0.75,0.6333333333333333,0.6333333333333333,0.5,0.8657667636871338,0.020875883102416993
sqrt,5,2.15443,0.9,10,0.6633333333333333,0.20094222497468714,392,0.9,0.75,0.45,0.8166666666666667,0.4,0.8705848217010498,0.02093195915222168
sqrt,5,2.15443,0.9,20,0.74,0.08856886837057618,130,0.9,0.75,0.7166666666666667,0.6333333333333333,0.7,0.8762364864349366,0.021791887283325196
sqrt,5,2.15443,0.9,50,0.7,0.06912147117775908,263,0.8,0.75,0.6166666666666667,0.6333333333333333,0.7,0.8745180130004883,0.02099156379699707
sqrt,5,7.74264,0.1,5,0.5700000000000001,0.154344492037203,575,0.8333333333333333,0.5666666666666667,0.6166666666666667,0.43333333333333335,0.4,0.8327173709869384,0.021004915237426758
sqrt,5,7.74264,0.1,10,0.6833333333333333,0.1299572579307862,318,0.9,0.6666666666666666,0.7166666666666667,0.6333333333333333,0.5,0.8389463901519776,0.020809078216552736
sqrt,5,7.74264,0.1,20,0.6633333333333333,0.12489995996796797,392,0.9,0.65,0.5333333333333333,0.6333333333333333,0.6,0.8352666854858398,0.021514701843261718
sqrt,5,7.74264,0.1,50,0.7,0.13457752825457567,263,0.9,0.65,0.5166666666666667,0.6333333333333333,0.8,0.83523588180542,0.02108173370361328
sqrt,5,7.74264,0.3,5,0.54,0.174674300087652,617,0.8333333333333333,0.5666666666666667,0.55,0.45,0.30000000000000004,0.9888485908508301,0.0209195613861084
sqrt,5,7.74264,0.3,10,0.6866666666666666,0.12884098726725127,314,0.9,0.6666666666666666,0.7166666666666667,0.65,0.5,0.98671555519104,0.021985912322998048
sqrt,5,7.74264,0.3,20,0.7,0.1069787102392081,263,0.9,0.65,0.7166666666666667,0.6333333333333333,0.6,0.9862638950347901,0.021054649353027345
sqrt,5,7.74264,0.3,50,0.6966666666666667,0.10666666666666667,296,0.9,0.65,0.6,0.6333333333333333,0.7,0.9890967845916748,0.021070241928100586
sqrt,5,7.74264,0.5,5,0.58,0.1330830985178475,551,0.8333333333333333,0.5666666666666667,0.55,0.45,0.5,1.0592475414276123,0.020946598052978514
sqrt,5,7.74264,0.5,10,0.6833333333333333,0.16766368453279054,318,1.0,0.65,0.6166666666666667,0.65,0.5,1.060433292388916,0.020841217041015624
sqrt,5,7.74264,0.5,20,0.68,0.11125546178852426,341,0.9,0.65,0.6166666666666667,0.6333333333333333,0.6,1.0679520130157472,0.020837926864624025
sqrt,5,7.74264,0.5,50,0.7166666666666668,0.07527726527090811,224,0.8,0.65,0.6166666666666667,0.7166666666666667,0.8,1.0626575946807861,0.020921802520751952
sqrt,5,7.74264,0.7,5,0.5766666666666667,0.13148721948877343,553,0.8333333333333333,0.4666666666666667,0.55,0.5333333333333333,0.5,1.0977110862731934,0.020772790908813475
sqrt,5,7.74264,0.7,10,0.6633333333333333,0.16034684627740925,392,0.9,0.65,0.7166666666666667,0.65,0.4,1.0971638679504394,0.020817089080810546
sqrt,5,7.74264,0.7,20,0.7,0.1038160766826496,263,0.9,0.65,0.6166666666666667,0.6333333333333333,0.7,1.0996182441711426,0.02065386772155762
sqrt,5,7.74264,0.7,50,0.7533333333333333,0.08781293248212994,96,0.9,0.65,0.8,0.7166666666666667,0.7,1.104568099975586,0.021074628829956053
sqrt,5,7.74264,0.9,5,0.6333333333333333,0.13291601358251254,457,0.8333333333333333,0.75,0.55,0.5333333333333333,0.5,1.1233234882354737,0.02094693183898926
sqrt,5,7.74264,0.9,10,0.6666666666666666,0.14643921757659198,387,0.9,0.75,0.5333333333333333,0.65,0.5,1.1263346672058105,0.020966243743896485
sqrt,5,7.74264,0.9,20,0.7166666666666666,0.10540925533894599,238,0.9,0.75,0.7,0.6333333333333333,0.6,1.1343523979187011,0.021851825714111327
sqrt,5,7.74264,0.9,50,0.7333333333333334,0.08628119403696524,166,0.9,0.65,0.7,0.7166666666666667,0.7,1.1354999542236328,0.020938014984130858
sqrt,5,27.8256,0.1,5,0.6033333333333333,0.13224556283251582,502,0.8166666666666667,0.65,0.6166666666666667,0.43333333333333335,0.5,0.7586513042449952,0.021113252639770506
sqrt,5,27.8256,0.1,10,0.6833333333333333,0.12952906151816965,318,0.9,0.65,0.7166666666666667,0.65,0.5,0.7595914363861084,0.02103395462036133
sqrt,5,27.8256,0.1,20,0.68,0.13308309851784755,341,0.9,0.65,0.6166666666666667,0.7333333333333334,0.5,0.7600425243377685,0.02091641426086426
sqrt,5,27.8256,0.1,50,0.6966666666666667,0.08589399151150087,296,0.8,0.65,0.6,0.6333333333333333,0.8,0.7647407531738282,0.021141815185546874
sqrt,5,27.8256,0.3,5,0.55,0.12202003478482085,611,0.7333333333333334,0.5666666666666667,0.6166666666666667,0.43333333333333335,0.4,0.9977647304534912,0.020872735977172853
sqrt,5,27.8256,0.3,10,0.6833333333333333,0.1299572579307862,318,0.9,0.6666666666666666,0.7166666666666667,0.6333333333333333,0.5,0.9994100093841553,0.020993804931640624
sqrt,5,27.8256,0.3,20,0.72,0.10187137859957418,208,0.9,0.7333333333333334,0.7166666666666667,0.65,0.6,0.9986144542694092,0.020784378051757812
sqrt,5,27.8256,0.3,50,0.68,0.1082178872049862,341,0.8,0.65,0.5166666666666667,0.6333333333333333,0.8,1.0070013046264648,0.02093782424926758
sqrt,5,27.8256,0.5,5,0.5366666666666667,0.17650936393164965,622,0.8333333333333333,0.5666666666666667,0.55,0.43333333333333335,0.30000000000000004,1.1447015762329102,0.02092595100402832
sqrt,5,27.8256,0.5,10,0.6866666666666666,0.12884098726725127,314,0.9,0.6666666666666666,0.7166666666666667,0.65,0.5,1.155463409423828,0.020908594131469727
sqrt,5,27.8256,0.5,20,0.7166666666666667,0.13984117975602023,228,0.9,0.7333333333333334,0.8166666666666667,0.6333333333333333,0.5,1.1622442722320556,0.02099499702453613
sqrt,5,27.8256,0.5,50,0.6966666666666667,0.08589399151150087,296,0.8,0.65,0.6,0.6333333333333333,0.8,1.1597513675689697,0.021035528182983397
sqrt,5,27.8256,0.7,5,0.54,0.174674300087652,617,0.8333333333333333,0.5666666666666667,0.55,0.45,0.30000000000000004,1.2440731048583984,0.020768070220947267
sqrt,5,27.8256,0.7,10,0.7233333333333334,0.10252370999486467,181,0.9,0.75,0.7166666666666667,0.65,0.6,1.2404078006744386,0.02086048126220703
sqrt,5,27.8256,0.7,20,0.6799999999999999,0.1305543735171076,362,0.9,0.65,0.7166666666666667,0.6333333333333333,0.5,1.2413893222808838,0.02105236053466797
sqrt,5,27.8256,0.7,50,0.7366666666666667,0.10022197585581939,143,0.9,0.65,0.8,0.6333333333333333,0.7,1.2442801952362061,0.02078723907470703
sqrt,5,27.8256,0.9,5,0.58,0.1330830985178475,551,0.8333333333333333,0.5666666666666667,0.55,0.45,0.5,1.3281671524047851,0.020756959915161133
sqrt,5,27.8256,0.9,10,0.7233333333333334,0.14779866184930243,181,1.0,0.75,0.6166666666666667,0.65,0.6,1.3304831981658936,0.02082033157348633
sqrt,5,27.8256,0.9,20,0.6799999999999999,0.1305543735171076,362,0.9,0.65,0.7166666666666667,0.6333333333333333,0.5,1.3308199882507323,0.02098374366760254
sqrt,5,27.8256,0.9,50,0.7366666666666667,0.14809906594348707,143,0.9,0.65,0.5166666666666667,0.7166666666666667,0.9,1.3510311603546143,0.020949506759643556
sqrt,5,100.0,0.1,5,0.5866666666666667,0.15326085243430196,543,0.8166666666666667,0.65,0.6333333333333333,0.43333333333333335,0.4,0.7903167724609375,0.020900774002075195
sqrt,5,100.0,0.1,10,0.6666666666666667,0.14259499757471625,383,0.9,0.4666666666666667,0.7166666666666667,0.65,0.6000000000000001,0.790707778930664,0.021010160446166992
sqrt,5,100.0,0.1,20,0.72,0.13800161029656302,208,0.9,0.65,0.8166666666666667,0.7333333333333334,0.5,0.7919100284576416,0.02090311050415039
sqrt,5,100.0,0.1,50,0.7166666666666666,0.08432740427115681,238,0.8,0.75,0.6,0.6333333333333333,0.8,0.7974236011505127,0.02115321159362793
sqrt,5,100.0,0.3,5,0.5833333333333333,0.15238839267549947,549,0.8166666666666667,0.65,0.6166666666666667,0.43333333333333335,0.4,0.8104823589324951,0.021107912063598633
sqrt,5,100.0,0.3,10,0.7033333333333334,0.10509255180289631,252,0.9,0.65,0.7166666666666667,0.65,0.6000000000000001,0.8101168155670166,0.021027755737304688
sqrt,5,100.0,0.3,20,0.7,0.14181364924121767,263,0.9,0.65,0.8166666666666667,0.6333333333333333,0.5,0.8137659549713134,0.02090458869934082
sqrt,5,100.0,0.3,50,0.6966666666666667,0.08589399151150087,296,0.8,0.65,0.6,0.6333333333333333,0.8,0.8193271160125732,0.020871829986572266
sqrt,5,100.0,0.5,5,0.5833333333333334,0.10274023338281628,548,0.7166666666666667,0.65,0.6166666666666667,0.43333333333333335,0.5,0.8556848526000976,0.020963048934936522
sqrt,5,100.0,0.5,10,0.6866666666666668,0.10821788720498617,310,0.9,0.65,0.6333333333333333,0.65,0.6000000000000001,0.8634716987609863,0.020749521255493165
sqrt,5,100.0,0.5,20,0.6433333333333333,0.14047538337136986,431,0.9,0.65,0.5333333333333333,0.6333333333333333,0.5,0.8678439140319825,0.02095184326171875
sqrt,5,100.0,0.5,50,0.7166666666666667,0.11450376024878448,228,0.8,0.65,0.6,0.6333333333333333,0.9,0.8673941135406494,0.020757722854614257
sqrt,5,100.0,0.7,5,0.5666666666666667,0.09718253158075502,601,0.7166666666666667,0.5666666666666667,0.6166666666666667,0.43333333333333335,0.5,0.9633041381835937,0.02081122398376465
sqrt,5,100.0,0.7,10,0.72,0.10509255180289631,208,0.9,0.75,0.7166666666666667,0.6333333333333333,0.6000000000000001,0.9632267951965332,0.020973968505859374
sqrt,5,100.0,0.7,20,0.6433333333333333,0.16653327995729064,431,0.9,0.65,0.43333333333333335,0.7333333333333334,0.5,0.9621807098388672,0.021030759811401366
sqrt,5,100.0,0.7,50,0.68,0.12534397117975443,341,0.9,0.65,0.5166666666666667,0.6333333333333333,0.7,0.9687742233276367,0.02089543342590332
sqrt,5,100.0,0.9,5,0.55,0.12202003478482085,611,0.7333333333333334,0.5666666666666667,0.6166666666666667,0.43333333333333335,0.4,1.069231128692627,0.020991706848144533
sqrt,5,100.0,0.9,10,0.7033333333333334,0.1284090685617215,252,0.9,0.6666666666666666,0.7166666666666667,0.7333333333333334,0.5,1.0602802276611327,0.02092766761779785
sqrt,5,100.0,0.9,20,0.6833333333333333,0.12156388352540314,318,0.9,0.65,0.7166666666666667,0.55,0.6,1.0655423164367677,0.021049690246582032
sqrt,5,100.0,0.9,50,0.7166666666666668,0.130384048104053,224,0.9,0.65,0.5166666666666667,0.7166666666666667,0.8,1.0713628292083741,0.020875930786132812
0.3,1,0.001,0.1,5,0.6433333333333333,0.09043106644167026,431,0.5333333333333333,0.7166666666666667,0.7333333333333334,0.5333333333333333,0.7,0.4835525989532471,0.0208341121673584
0.3,1,0.001,0.1,10,0.6033333333333333,0.10666666666666666,502,0.43333333333333335,0.7166666666666667,0.6333333333333333,0.5333333333333333,0.7,0.49048099517822263,0.021217536926269532
0.3,1,0.001,0.1,20,0.4800000000000001,0.032317865716108854,688,0.45,0.5333333333333333,0.4666666666666667,0.45,0.5,0.4997856140136719,0.021343803405761717
0.3,1,0.001,0.1,50,0.5066666666666666,0.1784501175243223,653,0.8,0.43333333333333335,0.25,0.55,0.5,0.5148185729980469,0.021083736419677736
0.3,1,0.001,0.3,5,0.6433333333333333,0.09043106644167026,431,0.5333333333333333,0.7166666666666667,0.7333333333333334,0.5333333333333333,0.7,0.482987642288208,0.02121129035949707
0.3,1,0.001,0.3,10,0.6033333333333333,0.10666666666666666,502,0.43333333333333335,0.7166666666666667,0.6333333333333333,0.5333333333333333,0.7,0.48925075531005857,0.021148681640625
0.3,1,0.001,0.3,20,0.4800000000000001,0.032317865716108854,688,0.45,0.5333333333333333,0.4666666666666667,0.45,0.5,0.49691061973571776,0.0214691162109375
0.3,1,0.001,0.3,50,0.5066666666666666,0.1784501175243223,653,0.8,0.43333333333333335,0.25,0.55,0.5,0.5120022773742676,0.02114138603210449
0.3,1,0.001,0.5,5,0.6433333333333333,0.09043106644167026,431,0.5333333333333333,0.7166666666666667,0.7333333333333334,0.5333333333333333,0.7,0.48093161582946775,0.02123737335205078
0.3,1,0.001,0.5,10,0.6033333333333333,0.10666666666666666,502,0.43333333333333335,0.7166666666666667,0.6333333333333333,0.5333333333333333,0.7,0.48543744087219237,0.02117924690246582
0.3,1,0.001,0.5,20,0.4800000000000001,0.032317865716108854,688,0.45,0.5333333333333333,0.4666666666666667,0.45,0.5,0.5039861679077149,0.02165694236755371
0.3,1,0.001,0.5,50,0.5066666666666666,0.1784501175243223,653,0.8,0.43333333333333335,0.25,0.55,0.5,0.511865234375,0.021199560165405272
0.3,1,0.001,0.7,5,0.6433333333333333,0.09043106644167026,431,0.5333333333333333,0.7166666666666667,0.7333333333333334,0.5333333333333333,0.7,0.48644251823425294,0.021132612228393556
0.3,1,0.001,0.7,10,0.6033333333333333,0.10666666666666666,502,0.43333333333333335,0.7166666666666667,0.6333333333333333,0.5333333333333333,0.7,0.48732147216796873,0.021082448959350585
0.3,1,0.001,0.7,20,0.4800000000000001,0.032317865716108854,688,0.45,0.5333333333333333,0.4666666666666667,0.45,0.5,0.496592378616333,0.021360015869140624
0.3,1,0.001,0.7,50,0.5066666666666666,0.1784501175243223,653,0.8,0.43333333333333335,0.25,0.55,0.5,0.5104970455169677,0.021312570571899413
0.3,1,0.001,0.9,5,0.6433333333333333,0.09043106644167026,431,0.5333333333333333,0.7166666666666667,0.7333333333333334,0.5333333333333333,0.7,0.4803786277770996,0.02110128402709961
0.3,1,0.001,0.9,10,0.6033333333333333,0.10666666666666666,502,0.43333333333333335,0.7166666666666667,0.6333333333333333,0.5333333333333333,0.7,0.48659701347351075,0.021271133422851564
0.3,1,0.001,0.9,20,0.4800000000000001,0.032317865716108854,688,0.45,0.5333333333333333,0.4666666666666667,0.45,0.5,0.5026117324829101,0.021174001693725585
0.3,1,0.001,0.9,50,0.5066666666666666,0.1784501175243223,653,0.8,0.43333333333333335,0.25,0.55,0.5,0.51357102394104,0.02108488082885742
0.3,1,0.00359381,0.1,5,0.6433333333333333,0.09043106644167026,431,0.5333333333333333,0.7166666666666667,0.7333333333333334,0.5333333333333333,0.7,0.4836572170257568,0.021068239212036134
0.3,1,0.00359381,0.1,10,0.6033333333333333,0.10666666666666666,502,0.43333333333333335,0.7166666666666667,0.6333333333333333,0.5333333333333333,0.7,0.4879962921142578,0.021193599700927733
0.3,1,0.00359381,0.1,20,0.4800000000000001,0.032317865716108854,688,0.45,0.5333333333333333,0.4666666666666667,0.45,0.5,0.499083137512207,0.021182966232299805
0.3,1,0.00359381,0.1,50,0.5066666666666666,0.1784501175243223,653,0.8,0.43333333333333335,0.25,0.55,0.5,0.5135334491729736,0.021058177947998045
0.3,1,0.00359381,0.3,5,0.6433333333333333,0.09043106644167026,431,0.5333333333333333,0.7166666666666667,0.7333333333333334,0.5333333333333333,0.7,0.4814314365386963,0.021585845947265626
0.3,1,0.00359381,0.3,10,0.6033333333333333,0.10666666666666666,502,0.43333333333333335,0.7166666666666667,0.6333333333333333,0.5333333333333333,0.7,0.4877001285552979,0.021712732315063477
0.3,1,0.00359381,0.3,20,0.4800000000000001,0.032317865716108854,688,0.45,0.5333333333333333,0.4666666666666667,0.45,0.5,0.49857068061828613,0.021233606338500976
0.3,1,0.00359381,0.3,50,0.5066666666666666,0.1784501175243223,653,0.8,0.43333333333333335,0.25,0.55,0.5,0.5176332950592041,0.021138715744018554
0.3,1,0.00359381,0.5,5,0.6433333333333333,0.09043106644167026,431,0.5333333333333333,0.7166666666666667,0.7333333333333334,0.5333333333333333,0.7,0.4901274681091309,0.02113194465637207
0.3,1,0.00359381,0.5,10,0.6033333333333333,0.10666666666666666,502,0.43333333333333335,0.7166666666666667,0.6333333333333333,0.5333333333333333,0.7,0.48869881629943845,0.021257591247558594
0.3,1,0.00359381,0.5,20,0.4800000000000001,0.032317865716108854,688,0.45,0.5333333333333333,0.4666666666666667,0.45,0.5,0.4949804306030273,0.021252536773681642
0.3,1,0.00359381,0.5,50,0.5066666666666666,0.1784501175243223,653,0.8,0.43333333333333335,0.25,0.55,0.5,0.5110252380371094,0.02127041816711426
0.3,1,0.00359381,0.7,5,0.6433333333333333,0.09043106644167026,431,0.5333333333333333,0.7166666666666667,0.7333333333333334,0.5333333333333333,0.7,0.4807253360748291,0.02143583297729492
0.3,1,0.00359381,0.7,10,0.6033333333333333,0.10666666666666666,502,0.43333333333333335,0.7166666666666667,0.6333333333333333,0.5333333333333333,0.7,0.48637962341308594,0.021975326538085937
0.3,1,0.00359381,0.7,20,0.4800000000000001,0.032317865716108854,688,0.45,0.5333333333333333,0.4666666666666667,0.45,0.5,0.5032876014709473,0.02116227149963379
0.3,1,0.00359381,0.7,50,0.5066666666666666,0.1784501175243223,653,0.8,0.43333333333333335,0.25,0.55,0.5,0.5150265216827392,0.02121763229370117
0.3,1,0.00359381,0.9,5,0.6433333333333333,0.09043106644167026,431,0.5333333333333333,0.7166666666666667,0.7333333333333334,0.5333333333333333,0.7,0.48427209854125974,0.021100854873657225
0.3,1,0.00359381,0.9,10,0.6033333333333333,0.10666666666666666,502,0.43333333333333335,0.7166666666666667,0.6333333333333333,0.5333333333333333,0.7,0.4902703285217285,0.02118206024169922
0.3,1,0.00359381,0.9,20,0.4800000000000001,0.032317865716108854,688,0.45,0.5333333333333333,0.4666666666666667,0.45,0.5,0.500971508026123,0.021183156967163087
0.3,1,0.00359381,0.9,50,0.5066666666666666,0.1784501175243223,653,0.8,0.43333333333333335,0.25,0.55,0.5,0.5142361640930175,0.02133212089538574
0.3,1,0.0129155,0.1,5,0.6766666666666666,0.12,377,0.7,0.5666666666666667,0.6166666666666667,0.9,0.6000000000000001,0.4915310859680176,0.02098217010498047
0.3,1,0.0129155,0.1,10,0.7333333333333333,0.10954451150103323,171,0.9,0.6333333333333333,0.8,0.7333333333333334,0.6000000000000001,0.4932587146759033,0.02091188430786133
0.3,1,0.0129155,0.1,20,0.6799999999999999,0.07483314773547883,362,0.6333333333333333,0.6333333333333333,0.8,0.7333333333333334,0.6000000000000001,0.49948925971984864,0.02129650115966797
0.3,1,0.0129155,0.1,50,0.7,0.06411794687223782,263,0.8,0.65,0.6166666666666667,0.7333333333333334,0.7,0.5183073043823242,0.021200227737426757
0.3,1,0.0129155,0.3,5,0.6433333333333333,0.09043106644167026,431,0.5333333333333333,0.7166666666666667,0.7333333333333334,0.5333333333333333,0.7,0.4812608242034912,0.02146449089050293
0.3,1,0.0129155,0.3,10,0.6033333333333333,0.10666666666666666,502,0.43333333333333335,0.7166666666666667,0.6333333333333333,0.5333333333333333,0.7,0.48808770179748534,0.021616697311401367
0.3,1,0.0129155,0.3,20,0.4800000000000001,0.032317865716108854,688,0.45,0.5333333333333333,0.4666666666666667,0.45,0.5,0.4996616840362549,0.021294307708740235
0.3,1,0.0129155,0.3,50,0.5066666666666666,0.1784501175243223,653,0.8,0.43333333333333335,0.25,0.55,0.5,0.5127559661865234,0.02122335433959961
0.3,1,0.0129155,0.5,5,0.6433333333333333,0.09043106644167026,431,0.5333333333333333,0.7166666666666667,0.7333333333333334,0.5333333333333333,0.7,0.481433629989624,0.02117433547973633
0.3,1,0.0129155,0.5,10,0.6033333333333333,0.10666666666666666,502,0.43333333333333335,0.7166666666666667,0.6333333333333333,0.5333333333333333,0.7,0.4897043228149414,0.021269464492797853
0.3,1,0.0129155,0.5,20,0.4800000000000001,0.032317865716108854,688,0.45,0.5333333333333333,0.4666666666666667,0.45,0.5,0.5004188060760498,0.02137789726257324
0.3,1,0.0129155,0.5,50,0.5066666666666666,0.1784501175243223,653,0.8,0.43333333333333335,0.25,0.55,0.5,0.5136150360107422,0.021085691452026368
0.3,1,0.0129155,0.7,5,0.6433333333333333,0.09043106644167026,431,0.5333333333333333,0.7166666666666667,0.7333333333333334,0.5333333333333333,0.7,0.48322014808654784,0.021003055572509765
0.3,1,0.0129155,0.7,10,0.6033333333333333,0.10666666666666666,502,0.43333333333333335,0.7166666666666667,0.6333333333333333,0.5333333333333333,0.7,0.49170832633972167,0.021243190765380858
0.3,1,0.0129155,0.7,20,0.4800000000000001,0.032317865716108854,688,0.45,0.5333333333333333,0.4666666666666667,0.45,0.5,0.4999721527099609,0.021277427673339844
0.3,1,0.0129155,0.7,50,0.5066666666666666,0.1784501175243223,653,0.8,0.43333333333333335,0.25,0.55,0.5,0.512175464630127,0.021163558959960936
0.3,1,0.0129155,0.9,5,0.6433333333333333,0.09043106644167026,431,0.5333333333333333,0.7166666666666667,0.7333333333333334,0.5333333333333333,0.7,0.48679342269897463,0.02116427421569824
0.3,1,0.0129155,0.9,10,0.6033333333333333,0.10666666666666666,502,0.43333333333333335,0.7166666666666667,0.6333333333333333,0.5333333333333333,0.7,0.4896379947662354,0.021208524703979492
0.3,1,0.0129155,0.9,20,0.4800000000000001,0.032317865716108854,688,0.45,0.5333333333333333,0.4666666666666667,0.45,0.5,0.4990354537963867,0.021422624588012695
0.3,1,0.0129155,0.9,50,0.5066666666666666,0.1784501175243223,653,0.8,0.43333333333333335,0.25,0.55,0.5,0.5136667728424072,0.02106776237487793
0.3,1,0.0464159,0.1,5,0.7033333333333334,0.18208667044996885,252,0.8166666666666667,0.5666666666666667,0.6333333333333333,1.0,0.5,0.4986666202545166,0.021167898178100587
0.3,1,0.0464159,0.1,10,0.7200000000000001,0.12534397117975443,193,0.9,0.55,0.6166666666666667,0.7333333333333334,0.8,0.5030126094818115,0.02112870216369629
0.3,1,0.0464159,0.1,20,0.7333333333333334,0.09249624617007739,166,0.9,0.7333333333333334,0.6166666666666667,0.7166666666666667,0.7,0.5117148399353028,0.021076488494873046
0.3,1,0.0464159,0.1,50,0.7533333333333333,0.07483314773547885,96,0.9,0.7333333333333334,0.7,0.7333333333333334,0.7,0.5236751079559326,0.02111515998840332
0.3,1,0.0464159,0.3,5,0.7566666666666666,0.11430952132988166,81,0.8,0.5666666666666667,0.8166666666666667,0.9,0.7,0.4996338367462158,0.021132898330688477
0.3,1,0.0464159,0.3,10,0.7233333333333333,0.0793025150224688,188,0.65,0.7333333333333334,0.6166666666666667,0.8166666666666667,0.8,0.5074303627014161,0.021032238006591798
0.3,1,0.0464159,0.3,20,0.7566666666666667,0.09580071908799942,78,0.7166666666666667,0.7333333333333334,0.6166666666666667,0.8166666666666667,0.9,0.5144374370574951,0.021308469772338866
0.3,1,0.0464159,0.3,50,0.7766666666666666,0.10934146311237816,24,0.9,0.7333333333333334,0.6166666666666667,0.7333333333333334,0.9,0.5285891532897949,0.02123913764953613
0.3,1,0.0464159,0.5,5,0.5800000000000001,0.08393118874676113,550,0.5333333333333333,0.6166666666666667,0.6,0.45,0.7,0.49233255386352537,0.021009016036987304
0.3,1,0.0464159,0.5,10,0.57,0.09910712498212335,599,0.43333333333333335,0.6666666666666666,0.5166666666666667,0.5333333333333333,0.7,0.4969759464263916,0.021243190765380858
0.3,1,0.0464159,0.5,20,0.5966666666666667,0.11125546178852423,535,0.45,0.75,0.5333333333333333,0.55,0.7,0.5082799434661865,0.02108321189880371
0.3,1,0.0464159,0.5,50,0.6666666666666667,0.08366600265340755,383,0.8,0.6666666666666666,0.6166666666666667,0.55,0.7,0.5225844383239746,0.021309804916381837
0.3,1,0.0464159,0.7,5,0.6433333333333333,0.09043106644167026,431,0.5333333333333333,0.7166666666666667,0.7333333333333334,0.5333333333333333,0.7,0.4816892623901367,0.021229314804077148
0.3,1,0.0464159,0.7,10,0.6033333333333333,0.10666666666666666,502,0.43333333333333335,0.7166666666666667,0.6333333333333333,0.5333333333333333,0.7,0.4899646759033203,0.021318435668945312
0.3,1,0.0464159,0.7,20,0.4800000000000001,0.032317865716108854,688,0.45,0.5333333333333333,0.4666666666666667,0.45,0.5,0.5039151668548584,0.0214508056640625
0.3,1,0.0464159,0.7,50,0.5066666666666666,0.1784501175243223,653,0.8,0.43333333333333335,0.25,0.55,0.5,0.5134717941284179,0.021035099029541017
0.3,1,0.0464159,0.9,5,0.6433333333333333,0.09043106644167026,431,0.5333333333333333,0.7166666666666667,0.7333333333333334,0.5333333333333333,0.7,0.48130021095275877,0.021071338653564455
0.3,1,0.0464159,0.9,10,0.6033333333333333,0.10666666666666666,502,0.43333333333333335,0.7166666666666667,0.6333333333333333,0.5333333333333333,0.7,0.4894071102142334,0.02111220359802246
0.3,1,0.0464159,0.9,20,0.4800000000000001,0.032317865716108854,688,0.45,0.5333333333333333,0.4666666666666667,0.45,0.5,0.49767403602600097,0.021447229385375976
0.3,1,0.0464159,0.9,50,0.5066666666666666,0.1784501175243223,653,0.8,0.43333333333333335,0.25,0.55,0.5,0.5122220516204834,0.021381473541259764
0.3,1,0.16681,0.1,5,0.5700000000000001,0.153260852434302,575,0.8166666666666667,0.3833333333333333,0.43333333333333335,0.6166666666666667,0.6,0.5263245105743408,0.02129473686218262
0.3,1,0.16681,0.1,10,0.6633333333333333,0.1407914138796192,392,0.9,0.5666666666666667,0.6166666666666667,0.7333333333333334,0.5,0.5313225746154785,0.02114138603210449
0.3,1,0.16681,0.1,20,0.7366666666666666,0.08969082698049143,165,0.9,0.75,0.7,0.6333333333333333,0.7,0.5371993064880372,0.02106342315673828
0.3,1,0.16681,0.1,50,0.7699999999999999,0.04521553322083513,51,0.8,0.7333333333333334,0.7,0.8166666666666667,0.8,0.5529643058776855,0.021118688583374023
0.3,1,0.16681,0.3,5,0.6833333333333333,0.0767390962214756,318,0.8166666666666667,0.65,0.6333333333333333,0.7166666666666667,0.6,0.5336686134338379,0.021187019348144532
0.3,1,0.16681,0.3,10,0.7166666666666667,0.15811388300841897,228,0.9,0.55,0.6166666666666667,0.9166666666666667,0.6,0.5377498626708984,0.02121424674987793
0.3,1,0.16681,0.3,20,0.7733333333333334,0.09521904571390469,26,0.9,0.8333333333333333,0.7,0.6333333333333333,0.8,0.5428388118743896,0.02102370262145996
0.3,1,0.16681,0.3,50,0.7566666666666666,0.11234866364235144,81,0.9,0.8333333333333333,0.6166666666666667,0.6333333333333333,0.8,0.5559924602508545,0.021199703216552734
0.3,1,0.16681,0.5,5,0.72,0.19646882704388502,208,0.8166666666666667,0.4666666666666667,0.9,0.9166666666666667,0.5,0.5373672008514404,0.02109808921813965
0.3,1,0.16681,0.5,10,0.7733333333333332,0.08856886837057616,43,0.9,0.65,0.7,0.8166666666666667,0.8,0.5396769523620606,0.021454620361328124
0.3,1,0.16681,0.5,20,0.7333333333333332,0.0894427190999916,175,0.9,0.7333333333333334,0.7,0.6333333333333333,0.7,0.5468385696411133,0.02129702568054199
0.3,1,0.16681,0.5,50,0.6966666666666667,0.06699917080747261,296,0.8,0.7333333333333334,0.6166666666666667,0.6333333333333333,0.7,0.5636478424072265,0.021068668365478514
0.3,1,0.16681,0.7,5,0.7566666666666666,0.1067707825203131,81,0.9,0.65,0.8166666666666667,0.6166666666666667,0.8,0.5396825313568115,0.02107062339782715
0.3,1,0.16681,0.7,10,0.79,0.07859884081701066,7,0.9,0.8333333333333333,0.7,0.8166666666666667,0.7,0.5400013446807861,0.02118363380432129
0.3,1,0.16681,0.7,20,0.7133333333333333,0.10456258094238748,243,0.9,0.7333333333333334,0.7,0.6333333333333333,0.6000000000000001,0.5486513137817383,0.02102341651916504
0.3,1,0.16681,0.7,50,0.7733333333333332,0.10832051206181283,43,0.9,0.7333333333333334,0.7,0.6333333333333333,0.9,0.5670108795166016,0.02120833396911621
0.3,1,0.16681,0.9,5,0.8,0.08563488385776753,2,0.8166666666666667,0.65,0.8166666666666667,0.9166666666666667,0.8,0.5279186248779297,0.021390199661254883
0.3,1,0.16681,0.9,10,0.7733333333333334,0.11671427600007733,26,0.9,0.7333333333333334,0.6166666666666667,0.9166666666666667,0.7,0.5321596622467041,0.02125377655029297
0.3,1,0.16681,0.9,20,0.7733333333333334,0.07498147919467996,26,0.9,0.7333333333333334,0.7166666666666667,0.8166666666666667,0.7,0.5382194995880127,0.02126164436340332
0.3,1,0.16681,0.9,50,0.7233333333333334,0.10934146311237819,181,0.9,0.6666666666666666,0.6166666666666667,0.6333333333333333,0.8,0.5549383640289307,0.02118391990661621
0.3,1,0.599484,0.1,5,0.5166666666666666,0.20949675149960895,651,0.9166666666666667,0.3833333333333333,0.35,0.5333333333333333,0.4,0.6007664680480957,0.021338224411010742
0.3,1,0.599484,0.1,10,0.6433333333333333,0.1364632632697248,431,0.9,0.5666666666666667,0.6166666666666667,0.6333333333333333,0.5,0.6098844051361084,0.021053314208984375
0.3,1,0.599484,0.1,20,0.7533333333333333,0.09092121131323906,96,0.9,0.7333333333333334,0.7,0.6333333333333333,0.8,0.607714033126831,0.0209869384765625
0.3,1,0.599484,0.1,50,0.7699999999999999,0.07333333333333335,51,0.9,0.7333333333333334,0.7,0.7166666666666667,0.8,0.6229942321777344,0.02100987434387207
0.3,1,0.599484,0.3,5,0.6266666666666667,0.13106402167558334,463,0.8166666666666667,0.5666666666666667,0.43333333333333335,0.7166666666666667,0.6,0.6165597438812256,0.02118549346923828
0.3,1,0.599484,0.3,10,0.6833333333333333,0.12202003478482085,318,0.9,0.5666666666666667,0.6166666666666667,0.7333333333333334,0.6,0.61759934425354,0.021288204193115234
0.3,1,0.599484,0.3,20,0.7533333333333333,0.09092121131323906,96,0.9,0.7333333333333334,0.7,0.6333333333333333,0.8,0.6254401683807373,0.021047544479370118
0.3,1,0.599484,0.3,50,0.7699999999999999,0.07333333333333335,51,0.9,0.7333333333333334,0.7,0.7166666666666667,0.8,0.6423466682434082,0.021073150634765624
0.3,1,0.599484,0.5,5,0.6433333333333333,0.18245242911205348,431,0.8166666666666667,0.5666666666666667,0.43333333333333335,0.9,0.5,0.6125996589660645,0.021101665496826173
0.3,1,0.599484,0.5,10,0.7,0.13457752825457567,263,0.9,0.75,0.6166666666666667,0.7333333333333334,0.5,0.615903377532959,0.02119474411010742
0.3,1,0.599484,0.5,20,0.7533333333333333,0.09092121131323906,96,0.9,0.7333333333333334,0.7,0.6333333333333333,0.8,0.6208605289459228,0.02110710144042969
0.3,1,0.599484,0.5,50,0.7366666666666667,0.10561986345169906,143,0.9,0.7333333333333334,0.6166666666666667,0.6333333333333333,0.8,0.639711570739746,0.021208763122558594
0.3,1,0.599484,0.7,5,0.7,0.11595018087284058,263,0.8166666666666667,0.65,0.8,0.7333333333333334,0.5,0.6316551208496094,0.02103118896484375
0.3,1,0.599484,0.7,10,0.6799999999999999,0.1664665465224503,362,0.9,0.75,0.6166666666666667,0.7333333333333334,0.4,0.6377016067504883,0.021204376220703126
0.3,1,0.599484,0.7,20,0.7733333333333334,0.09521904571390469,26,0.9,0.8333333333333333,0.7,0.6333333333333333,0.8,0.6440596580505371,0.021211814880371094
0.3,1,0.599484,0.7,50,0.7366666666666667,0.11175369742826806,143,0.9,0.8333333333333333,0.6166666666666667,0.6333333333333333,0.7,0.6578610897064209,0.02111530303955078
0.3,1,0.599484,0.9,5,0.6633333333333333,0.10718623460542351,392,0.8166666666666667,0.65,0.6166666666666667,0.7333333333333334,0.5,0.6476508140563965,0.02111682891845703
0.3,1,0.599484,0.9,10,0.7133333333333332,0.17042430708218956,247,0.9,0.75,0.7,0.8166666666666667,0.4,0.6532222270965576,0.02119746208190918
0.3,1,0.599484,0.9,20,0.7533333333333333,0.09797958971132713,96,0.9,0.8333333333333333,0.7,0.6333333333333333,0.7,0.656160545349121,0.02110142707824707
0.3,1,0.599484,0.9,50,0.7366666666666667,0.10561986345169906,143,0.9,0.7333333333333334,0.6166666666666667,0.6333333333333333,0.8,0.6757825374603271,0.021109867095947265
0.3,1,2.15443,0.1,5,0.4966666666666666,0.17172329163188343,687,0.8166666666666667,0.3833333333333333,0.35,0.5333333333333333,0.4,0.7271616935729981,0.02104296684265137
0.3,1,2.15443,0.1,10,0.68,0.13308309851784755,341,0.9,0.65,0.6166666666666667,0.7333333333333334,0.5,0.7378341674804687,0.021202993392944337
0.3,1,2.15443,0.1,20,0.7533333333333333,0.09092121131323906,96,0.9,0.7333333333333334,0.7,0.6333333333333333,0.8,0.7436491489410401,0.02120499610900879
0.3,1,2.15443,0.1,50,0.7699999999999999,0.07333333333333335,51,0.9,0.7333333333333334,0.7,0.7166666666666667,0.8,0.755484676361084,0.02098226547241211
0.3,1,2.15443,0.3,5,0.6100000000000001,0.19396448701301544,491,0.9166666666666667,0.3833333333333333,0.43333333333333335,0.7166666666666667,0.6,0.7935974597930908,0.02123570442199707
0.3,1,2.15443,0.3,10,0.68,0.13920408678547402,341,0.9,0.5666666666666667,0.7,0.7333333333333334,0.5,0.8056593894958496,0.021225786209106444
0.3,1,2.15443,0.3,20,0.7366666666666667,0.10561986345169906,143,0.9,0.7333333333333334,0.6166666666666667,0.6333333333333333,0.8,0.8037262439727784,0.021279144287109374
0.3,1,2.15443,0.3,50,0.7699999999999999,0.07333333333333335,51,0.9,0.7333333333333334,0.7,0.7166666666666667,0.8,0.823307991027832,0.020979928970336913
0.3,1,2.15443,0.5,5,0.6100000000000001,0.19396448701301544,491,0.9166666666666667,0.3833333333333333,0.43333333333333335,0.7166666666666667,0.6,0.8141151905059815,0.02130889892578125
0.3,1,2.15443,0.5,10,0.7,0.13457752825457567,263,0.9,0.75,0.6166666666666667,0.7333333333333334,0.5,0.8183304309844971,0.021199750900268554
0.3,1,2.15443,0.5,20,0.7366666666666667,0.10561986345169906,143,0.9,0.7333333333333334,0.6166666666666667,0.6333333333333333,0.8,0.8261239528656006,0.021118354797363282
0.3,1,2.15443,0.5,50,0.75,0.07601169500660922,125,0.9,0.7333333333333334,0.7,0.7166666666666667,0.7,0.8375667572021485,0.021170806884765626
0.3,1,2.15443,0.7,5,0.63,0.15860503004493762,461,0.9166666666666667,0.5666666666666667,0.43333333333333335,0.6333333333333333,0.6,0.7912410259246826,0.021208906173706056
0.3,1,2.15443,0.7,10,0.6799999999999999,0.1664665465224503,362,0.9,0.75,0.6166666666666667,0.7333333333333334,0.4,0.7966183185577392,0.02150425910949707
0.3,1,2.15443,0.7,20,0.7733333333333334,0.09521904571390469,26,0.9,0.8333333333333333,0.7,0.6333333333333333,0.8,0.8065629959106445,0.021109580993652344
0.3,1,2.15443,0.7,50,0.7366666666666667,0.10561986345169906,143,0.9,0.7333333333333334,0.6166666666666667,0.6333333333333333,0.8,0.8217032432556153,0.021062278747558595
0.3,1,2.15443,0.9,5,0.6699999999999999,0.1359738536958076,382,0.9166666666666667,0.5666666666666667,0.5333333333333333,0.6333333333333333,0.7,0.8774819850921631,0.021079111099243163
0.3,1,2.15443,0.9,10,0.6399999999999999,0.17275544693133252,454,0.9,0.75,0.4166666666666667,0.6333333333333333,0.5,0.8814357280731201,0.021210765838623045
0.3,1,2.15443,0.9,20,0.7733333333333332,0.07195677714974302,43,0.9,0.75,0.7,0.7166666666666667,0.8,0.8861239433288575,0.02122507095336914
0.3,1,2.15443,0.9,50,0.7566666666666666,0.11234866364235144,81,0.9,0.8333333333333333,0.6166666666666667,0.6333333333333333,0.8,0.9019553661346436,0.021280908584594728
0.3,1,7.74264,0.1,5,0.54,0.15513435037626794,617,0.8333333333333333,0.3833333333333333,0.5333333333333333,0.45,0.5,0.8319622993469238,0.02127685546875
0.3,1,7.74264,0.1,10,0.6599999999999999,0.14321700705960558,416,0.9,0.65,0.7166666666666667,0.5333333333333333,0.5,0.8386465072631836,0.021139001846313475
0.3,1,7.74264,0.1,20,0.7533333333333333,0.09092121131323906,96,0.9,0.7333333333333334,0.7,0.6333333333333333,0.8,0.8431655406951905,0.0208590030670166
0.3,1,7.74264,0.1,50,0.7699999999999999,0.07333333333333335,51,0.9,0.7333333333333334,0.7,0.7166666666666667,0.8,0.8580838680267334,0.021025466918945312
0.3,1,7.74264,0.3,5,0.5700000000000001,0.21171259344267224,575,0.9166666666666667,0.3833333333333333,0.43333333333333335,0.7166666666666667,0.4,0.9866194248199462,0.02123541831970215
0.3,1,7.74264,0.3,10,0.7166666666666667,0.10219806477837262,228,0.9,0.65,0.7,0.7333333333333334,0.6,0.996490478515625,0.021331596374511718
0.3,1,7.74264,0.3,20,0.7533333333333333,0.09092121131323906,96,0.9,0.7333333333333334,0.7,0.6333333333333333,0.8,0.9966093540191651,0.021138095855712892
0.3,1,7.74264,0.3,50,0.7699999999999999,0.07333333333333335,51,0.9,0.7333333333333334,0.7,0.7166666666666667,0.8,1.018171453475952,0.020999813079833986
0.3,1,7.74264,0.5,5,0.5933333333333334,0.21123972690339815,537,0.9166666666666667,0.3833333333333333,0.35,0.7166666666666667,0.6,1.0599282741546632,0.021051502227783202
0.3,1,7.74264,0.5,10,0.72,0.16138291249213604,208,1.0,0.6666666666666666,0.7,0.7333333333333334,0.5,1.0688983917236328,0.02117786407470703
0.3,1,7.74264,0.5,20,0.74,0.10572501018102472,130,0.9,0.75,0.6166666666666667,0.6333333333333333,0.8,1.0726507663726808,0.021051979064941405
0.3,1,7.74264,0.5,50,0.75,0.07601169500660922,125,0.9,0.7333333333333334,0.7,0.7166666666666667,0.7,1.0870467185974122,0.021122503280639648
0.3,1,7.74264,0.7,5,0.6100000000000001,0.19680785892167352,491,0.9166666666666667,0.4666666666666667,0.35,0.7166666666666667,0.6,1.1062546253204346,0.021231889724731445
0.3,1,7.74264,0.7,10,0.7,0.13457752825457567,263,0.9,0.75,0.6166666666666667,0.7333333333333334,0.5,1.1052971839904786,0.02108006477355957
0.3,1,7.74264,0.7,20,0.7366666666666667,0.10561986345169906,143,0.9,0.7333333333333334,0.6166666666666667,0.6333333333333333,0.8,1.1123996257781983,0.021149921417236327
0.3,1,7.74264,0.7,50,0.7699999999999999,0.07333333333333335,51,0.9,0.7333333333333334,0.7,0.7166666666666667,0.8,1.1296483516693114,0.021248245239257814
0.3,1,7.74264,0.9,5,0.6300000000000001,0.18601075237738277,459,0.9166666666666667,0.5666666666666667,0.35,0.7166666666666667,0.6,1.1293036937713623,0.022678565979003907
0.3,1,7.74264,0.9,10,0.7,0.13457752825457567,263,0.9,0.75,0.6166666666666667,0.7333333333333334,0.5,1.13073673248291,0.021351432800292967
0.3,1,7.74264,0.9,20,0.7733333333333334,0.09521904571390469,26,0.9,0.8333333333333333,0.7,0.6333333333333333,0.8,1.1343438625335693,0.021204042434692382
0.3,1,7.74264,0.9,50,0.75,0.07601169500660922,125,0.9,0.7333333333333334,0.7,0.7166666666666667,0.7,1.1518097877502442,0.021184682846069336
0.3,1,27.8256,0.1,5,0.55,0.13457752825457567,611,0.7166666666666667,0.3833333333333333,0.7,0.45,0.5,0.7619979381561279,0.021515274047851564
0.3,1,27.8256,0.1,10,0.7200000000000001,0.11125546178852425,193,0.9,0.55,0.7166666666666667,0.7333333333333334,0.7,0.7618907451629638,0.02117466926574707
0.3,1,27.8256,0.1,20,0.7333333333333332,0.0894427190999916,175,0.9,0.7333333333333334,0.7,0.6333333333333333,0.7,0.7688478469848633,0.021182870864868163
0.3,1,27.8256,0.1,50,0.79,0.07423685817106697,7,0.9,0.8333333333333333,0.7,0.7166666666666667,0.8,0.7859582424163818,0.021090936660766602
0.3,1,27.8256,0.3,5,0.4966666666666667,0.07845734863959881,669,0.6166666666666667,0.3833333333333333,0.5333333333333333,0.45,0.5,1.0001468658447266,0.021069145202636717
0.3,1,27.8256,0.3,10,0.6799999999999999,0.1305543735171076,362,0.9,0.65,0.7166666666666667,0.6333333333333333,0.5,1.0033016204833984,0.021157121658325194
0.3,1,27.8256,0.3,20,0.7733333333333334,0.08793937305515281,26,0.9,0.7333333333333334,0.8,0.6333333333333333,0.8,1.0086717128753662,0.02127676010131836
0.3,1,27.8256,0.3,50,0.7699999999999999,0.07333333333333335,51,0.9,0.7333333333333334,0.7,0.7166666666666667,0.8,1.0265883445739745,0.021114921569824217
0.3,1,27.8256,0.5,5,0.5166666666666666,0.20949675149960895,651,0.9166666666666667,0.3833333333333333,0.35,0.5333333333333333,0.4,1.153541374206543,0.021441650390625
0.3,1,27.8256,0.5,10,0.6966666666666667,0.12927146286443544,296,0.9,0.65,0.7,0.7333333333333334,0.5,1.1572892665863037,0.021152353286743163
0.3,1,27.8256,0.5,20,0.7533333333333333,0.09092121131323906,96,0.9,0.7333333333333334,0.7,0.6333333333333333,0.8,1.1584589004516601,0.021396541595458986
0.3,1,27.8256,0.5,50,0.7899999999999998,0.06960204339273701,15,0.9,0.7333333333333334,0.7,0.8166666666666667,0.8,1.177464485168457,0.022388935089111328
0.3,1,27.8256,0.7,5,0.5700000000000001,0.21171259344267224,575,0.9166666666666667,0.3833333333333333,0.43333333333333335,0.7166666666666667,0.4,1.2429330348968506,0.021069431304931642
0.3,1,27.8256,0.7,10,0.6633333333333333,0.13759844960366863,392,0.9,0.48333333333333334,0.7,0.6333333333333333,0.6,1.2434281826019287,0.021023654937744142
0.3,1,27.8256,0.7,20,0.7533333333333333,0.09092121131323906,96,0.9,0.7333333333333334,0.7,0.6333333333333333,0.8,1.2579336166381836,0.021053314208984375
0.3,1,27.8256,0.7,50,0.7699999999999999,0.07333333333333335,51,0.9,0.7333333333333334,0.7,0.7166666666666667,0.8,1.2818909168243409,0.021059513092041016
0.3,1,27.8256,0.9,5,0.5733333333333334,0.21437246921084704,555,0.9166666666666667,0.3833333333333333,0.35,0.7166666666666667,0.5,1.3387559413909913,0.02107100486755371
0.3,1,27.8256,0.9,10,0.7033333333333334,0.17204650534085253,252,1.0,0.48333333333333334,0.7,0.7333333333333334,0.6,1.3433754444122314,0.0212460994720459
0.3,1,27.8256,0.9,20,0.7566666666666666,0.09043106644167026,81,0.9,0.75,0.7,0.6333333333333333,0.8,1.3453540802001953,0.02120962142944336
0.3,1,27.8256,0.9,50,0.7699999999999999,0.07333333333333335,51,0.9,0.7333333333333334,0.7,0.7166666666666667,0.8,1.3599779605865479,0.021258974075317384
0.3,1,100.0,0.1,5,0.5700000000000001,0.16034684627740928,575,0.7166666666666667,0.3833333333333333,0.8,0.45,0.5,0.7920985221862793,0.021348047256469726
0.3,1,100.0,0.1,10,0.7033333333333334,0.13840359661351131,252,0.9,0.4666666666666667,0.7166666666666667,0.7333333333333334,0.7,0.7979669570922852,0.021084976196289063
0.3,1,100.0,0.1,20,0.7733333333333334,0.07118052168020875,26,0.9,0.7333333333333334,0.8,0.7333333333333334,0.7,0.801594352722168,0.021412038803100587
0.3,1,100.0,0.1,50,0.79,0.07423685817106697,7,0.9,0.8333333333333333,0.7,0.7166666666666667,0.8,0.8189535140991211,0.02113819122314453
0.3,1,100.0,0.3,5,0.55,0.13457752825457567,611,0.7166666666666667,0.3833333333333333,0.7,0.45,0.5,0.8164768218994141,0.02205319404602051
0.3,1,100.0,0.3,10,0.7200000000000001,0.11125546178852425,193,0.9,0.55,0.7166666666666667,0.7333333333333334,0.7,0.8157356262207032,0.021105575561523437
0.3,1,100.0,0.3,20,0.7533333333333333,0.09092121131323906,96,0.9,0.7333333333333334,0.8,0.6333333333333333,0.7,0.8219254970550537,0.020991992950439454
0.3,1,100.0,0.3,50,0.79,0.07423685817106697,7,0.9,0.8333333333333333,0.7,0.7166666666666667,0.8,0.839030122756958,0.021186161041259765
0.3,1,100.0,0.5,5,0.53,0.11421227799341208,629,0.6166666666666667,0.3833333333333333,0.7,0.45,0.5,0.8623738765716553,0.021017742156982423
0.3,1,100.0,0.5,10,0.7200000000000001,0.11125546178852425,193,0.9,0.55,0.7166666666666667,0.7333333333333334,0.7,0.8628693103790284,0.02124776840209961
0.3,1,100.0,0.5,20,0.7333333333333333,0.09660917830792957,171,0.9,0.7333333333333334,0.7,0.7333333333333334,0.6000000000000001,0.8707781791687011,0.0209075927734375
0.3,1,100.0,0.5,50,0.79,0.07423685817106697,7,0.9,0.8333333333333333,0.7,0.7166666666666667,0.8,0.8843020439147949,0.02109694480895996
0.3,1,100.0,0.7,5,0.4966666666666667,0.07845734863959881,669,0.6166666666666667,0.3833333333333333,0.5333333333333333,0.45,0.5,0.9641279697418212,0.021333932876586914
0.3,1,100.0,0.7,10,0.74,0.08472176684759225,130,0.9,0.65,0.7166666666666667,0.7333333333333334,0.7,0.9663406848907471,0.021221733093261717
0.3,1,100.0,0.7,20,0.7533333333333333,0.07483314773547885,96,0.9,0.7333333333333334,0.7,0.7333333333333334,0.7,0.9728742599487304,0.021125984191894532
0.3,1,100.0,0.7,50,0.79,0.07423685817106697,7,0.9,0.8333333333333333,0.7,0.7166666666666667,0.8,0.9902188301086425,0.021063709259033205
0.3,1,100.0,0.9,5,0.5166666666666667,0.11205157542647741,649,0.7166666666666667,0.3833333333333333,0.5333333333333333,0.45,0.5,1.0600907325744628,0.021216106414794923
0.3,1,100.0,0.9,10,0.7,0.12952906151816965,263,0.9,0.65,0.7166666666666667,0.7333333333333334,0.5,1.06634202003479,0.021110153198242186
0.3,1,100.0,0.9,20,0.7933333333333333,0.061101009266077845,5,0.9,0.7333333333333334,0.8,0.7333333333333334,0.8,1.0733471870422364,0.02104487419128418
0.3,1,100.0,0.9,50,0.7699999999999999,0.07333333333333335,51,0.9,0.7333333333333334,0.7,0.7166666666666667,0.8,1.0950912952423095,0.021178340911865233
0.3,5,0.001,0.1,5,0.45,0.09428090415820635,705,0.43333333333333335,0.3333333333333333,0.4666666666666667,0.6166666666666667,0.4,0.4690436363220215,0.02102832794189453
0.3,5,0.001,0.1,10,0.4333333333333333,0.06666666666666667,753,0.43333333333333335,0.3333333333333333,0.4666666666666667,0.5333333333333333,0.4,0.4835683822631836,0.02086048126220703
0.3,5,0.001,0.1,20,0.44666666666666666,0.07845734863959883,721,0.5166666666666667,0.3333333333333333,0.55,0.43333333333333335,0.4,0.4778876304626465,0.021056461334228515
0.3,5,0.001,0.1,50,0.5700000000000001,0.1403962645910179,575,0.8166666666666667,0.6333333333333333,0.45,0.45,0.5,0.49415340423583987,0.021063947677612306
0.3,5,0.001,0.3,5,0.45,0.09428090415820635,705,0.43333333333333335,0.3333333333333333,0.4666666666666667,0.6166666666666667,0.4,0.4691983699798584,0.02087855339050293
0.3,5,0.001,0.3,10,0.4333333333333333,0.06666666666666667,753,0.43333333333333335,0.3333333333333333,0.4666666666666667,0.5333333333333333,0.4,0.47235283851623533,0.020890188217163087
0.3,5,0.001,0.3,20,0.44666666666666666,0.07845734863959883,721,0.5166666666666667,0.3333333333333333,0.55,0.43333333333333335,0.4,0.47932887077331543,0.021229934692382813
0.3,5,0.001,0.3,50,0.5700000000000001,0.1403962645910179,575,0.8166666666666667,0.6333333333333333,0.45,0.45,0.5,0.4845869541168213,0.021143245697021484
0.3,5,0.001,0.5,5,0.45,0.09428090415820635,705,0.43333333333333335,0.3333333333333333,0.4666666666666667,0.6166666666666667,0.4,0.46854639053344727,0.020946836471557616
0.3,5,0.001,0.5,10,0.4333333333333333,0.06666666666666667,753,0.43333333333333335,0.3333333333333333,0.4666666666666667,0.5333333333333333,0.4,0.4720855712890625,0.020615100860595703
0.3,5,0.001,0.5,20,0.44666666666666666,0.07845734863959883,721,0.5166666666666667,0.3333333333333333,0.55,0.43333333333333335,0.4,0.4763045787811279,0.02121443748474121
0.3,5,0.001,0.5,50,0.5700000000000001,0.1403962645910179,575,0.8166666666666667,0.6333333333333333,0.45,0.45,0.5,0.4896334171295166,0.020787477493286133
0.3,5,0.001,0.7,5,0.45,0.09428090415820635,705,0.43333333333333335,0.3333333333333333,0.4666666666666667,0.6166666666666667,0.4,0.4688098430633545,0.020897579193115235
0.3,5,0.001,0.7,10,0.4333333333333333,0.06666666666666667,753,0.43333333333333335,0.3333333333333333,0.4666666666666667,0.5333333333333333,0.4,0.4710698127746582,0.020949125289916992
0.3,5,0.001,0.7,20,0.44666666666666666,0.07845734863959883,721,0.5166666666666667,0.3333333333333333,0.55,0.43333333333333335,0.4,0.47720746994018554,0.021019363403320314
0.3,5,0.001,0.7,50,0.5700000000000001,0.1403962645910179,575,0.8166666666666667,0.6333333333333333,0.45,0.45,0.5,0.48929529190063475,0.020923900604248046
0.3,5,0.001,0.9,5,0.45,0.09428090415820635,705,0.43333333333333335,0.3333333333333333,0.4666666666666667,0.6166666666666667,0.4,0.46828503608703614,0.021103096008300782
0.3,5,0.001,0.9,10,0.4333333333333333,0.06666666666666667,753,0.43333333333333335,0.3333333333333333,0.4666666666666667,0.5333333333333333,0.4,0.47151851654052734,0.021022272109985352
0.3,5,0.001,0.9,20,0.44666666666666666,0.07845734863959883,721,0.5166666666666667,0.3333333333333333,0.55,0.43333333333333335,0.4,0.47821621894836425,0.020674896240234376
0.3,5,0.001,0.9,50,0.5700000000000001,0.1403962645910179,575,0.8166666666666667,0.6333333333333333,0.45,0.45,0.5,0.48980913162231443,0.02079167366027832
0.3,5,0.00359381,0.1,5,0.45,0.09428090415820635,705,0.43333333333333335,0.3333333333333333,0.4666666666666667,0.6166666666666667,0.4,0.468660831451416,0.020938396453857422
0.3,5,0.00359381,0.1,10,0.4333333333333333,0.06666666666666667,753,0.43333333333333335,0.3333333333333333,0.4666666666666667,0.5333333333333333,0.4,0.47260327339172364,0.020804977416992186
0.3,5,0.00359381,0.1,20,0.44666666666666666,0.07845734863959883,721,0.5166666666666667,0.3333333333333333,0.55,0.43333333333333335,0.4,0.47940812110900877,0.02100396156311035
0.3,5,0.00359381,0.1,50,0.5700000000000001,0.1403962645910179,575,0.8166666666666667,0.6333333333333333,0.45,0.45,0.5,0.49113736152648924,0.021012353897094726
0.3,5,0.00359381,0.3,5,0.45,0.09428090415820635,705,0.43333333333333335,0.3333333333333333,0.4666666666666667,0.6166666666666667,0.4,0.4770143985748291,0.021589946746826173
0.3,5,0.00359381,0.3,10,0.4333333333333333,0.06666666666666667,753,0.43333333333333335,0.3333333333333333,0.4666666666666667,0.5333333333333333,0.4,0.47065396308898927,0.02078900337219238
0.3,5,0.00359381,0.3,20,0.44666666666666666,0.07845734863959883,721,0.5166666666666667,0.3333333333333333,0.55,0.43333333333333335,0.4,0.482024621963501,0.020975685119628905
0.3,5,0.00359381,0.3,50,0.5700000000000001,0.1403962645910179,575,0.8166666666666667,0.6333333333333333,0.45,0.45,0.5,0.49325246810913087,0.02098531723022461
0.3,5,0.00359381,0.5,5,0.45,0.09428090415820635,705,0.43333333333333335,0.3333333333333333,0.4666666666666667,0.6166666666666667,0.4,0.47170429229736327,0.02094297409057617
0.3,5,0.00359381,0.5,10,0.4333333333333333,0.06666666666666667,753,0.43333333333333335,0.3333333333333333,0.4666666666666667,0.5333333333333333,0.4,0.4742897987365723,0.02083582878112793
0.3,5,0.00359381,0.5,20,0.44666666666666666,0.07845734863959883,721,0.5166666666666667,0.3333333333333333,0.55,0.43333333333333335,0.4,0.4796750545501709,0.021225833892822267
0.3,5,0.00359381,0.5,50,0.5700000000000001,0.1403962645910179,575,0.8166666666666667,0.6333333333333333,0.45,0.45,0.5,0.48981437683105467,0.0211794376373291
0.3,5,0.00359381,0.7,5,0.45,0.09428090415820635,705,0.43333333333333335,0.3333333333333333,0.4666666666666667,0.6166666666666667,0.4,0.4702455043792725,0.020966386795043944
0.3,5,0.00359381,0.7,10,0.4333333333333333,0.06666666666666667,753,0.43333333333333335,0.3333333333333333,0.4666666666666667,0.5333333333333333,0.4,0.4741236209869385,0.020839548110961913
0.3,5,0.00359381,0.7,20,0.44666666666666666,0.07845734863959883,721,0.5166666666666667,0.3333333333333333,0.55,0.43333333333333335,0.4,0.48331542015075685,0.02087564468383789
0.3,5,0.00359381,0.7,50,0.5700000000000001,0.1403962645910179,575,0.8166666666666667,0.6333333333333333,0.45,0.45,0.5,0.49231610298156736,0.020935964584350587
0.3,5,0.00359381,0.9,5,0.45,0.09428090415820635,705,0.43333333333333335,0.3333333333333333,0.4666666666666667,0.6166666666666667,0.4,0.47247915267944335,0.02095508575439453
0.3,5,0.00359381,0.9,10,0.4333333333333333,0.06666666666666667,753,0.43333333333333335,0.3333333333333333,0.4666666666666667,0.5333333333333333,0.4,0.4739371299743652,0.02075958251953125
0.3,5,0.00359381,0.9,20,0.44666666666666666,0.07845734863959883,721,0.5166666666666667,0.3333333333333333,0.55,0.43333333333333335,0.4,0.48097782135009765,0.021039962768554688
0.3,5,0.00359381,0.9,50,0.5700000000000001,0.1403962645910179,575,0.8166666666666667,0.6333333333333333,0.45,0.45,0.5,0.49175171852111815,0.020854902267456055
0.3,5,0.0129155,0.1,5,0.6566666666666667,0.08406346808612328,422,0.7,0.5666666666666667,0.6166666666666667,0.8,0.6000000000000001,0.481229829788208,0.020949935913085936
0.3,5,0.0129155,0.1,10,0.7766666666666667,0.12409673645990855,19,1.0,0.65,0.7166666666666667,0.8166666666666667,0.7,0.4846079349517822,0.021436309814453124
0.3,5,0.0129155,0.1,20,0.7333333333333334,0.07226494462892934,166,0.8,0.7333333333333334,0.6166666666666667,0.8166666666666667,0.7,0.49187021255493163,0.0210878849029541
0.3,5,0.0129155,0.1,50,0.7366666666666667,0.10295630140987001,143,0.8,0.65,0.6166666666666667,0.7166666666666667,0.9,0.5038418292999267,0.020989704132080077
0.3,5,0.0129155,0.3,5,0.45,0.09428090415820635,705,0.43333333333333335,0.3333333333333333,0.4666666666666667,0.6166666666666667,0.4,0.4736149311065674,0.021290683746337892
0.3,5,0.0129155,0.3,10,0.4333333333333333,0.06666666666666667,753,0.43333333333333335,0.3333333333333333,0.4666666666666667,0.5333333333333333,0.4,0.4750553607940674,0.0210752010345459
0.3,5,0.0129155,0.3,20,0.44666666666666666,0.07845734863959883,721,0.5166666666666667,0.3333333333333333,0.55,0.43333333333333335,0.4,0.48311567306518555,0.021059799194335937
0.3,5,0.0129155,0.3,50,0.5700000000000001,0.1403962645910179,575,0.8166666666666667,0.6333333333333333,0.45,0.45,0.5,0.4900864601135254,0.020929670333862303
0.3,5,0.0129155,0.5,5,0.45,0.09428090415820635,705,0.43333333333333335,0.3333333333333333,0.4666666666666667,0.6166666666666667,0.4,0.47257280349731445,0.020894384384155272
0.3,5,0.0129155,0.5,10,0.4333333333333333,0.06666666666666667,753,0.43333333333333335,0.3333333333333333,0.4666666666666667,0.5333333333333333,0.4,0.4751453876495361,0.020905351638793944
0.3,5,0.0129155,0.5,20,0.44666666666666666,0.07845734863959883,721,0.5166666666666667,0.3333333333333333,0.55,0.43333333333333335,0.4,0.48495988845825194,0.02097625732421875
0.3,5,0.0129155,0.5,50,0.5700000000000001,0.1403962645910179,575,0.8166666666666667,0.6333333333333333,0.45,0.45,0.5,0.49236598014831545,0.021062564849853516
0.3,5,0.0129155,0.7,5,0.45,0.09428090415820635,705,0.43333333333333335,0.3333333333333333,0.4666666666666667,0.6166666666666667,0.4,0.4869845867156982,0.020853233337402344
0.3,5,0.0129155,0.7,10,0.4333333333333333,0.06666666666666667,753,0.43333333333333335,0.3333333333333333,0.4666666666666667,0.5333333333333333,0.4,0.47643289566040037,0.020963764190673827
0.3,5,0.0129155,0.7,20,0.44666666666666666,0.07845734863959883,721,0.5166666666666667,0.3333333333333333,0.55,0.43333333333333335,0.4,0.4796133518218994,0.021130990982055665
0.3,5,0.0129155,0.7,50,0.5700000000000001,0.1403962645910179,575,0.8166666666666667,0.6333333333333333,0.45,0.45,0.5,0.48942008018493655,0.020808982849121093
0.3,5,0.0129155,0.9,5,0.45,0.09428090415820635,705,0.43333333333333335,0.3333333333333333,0.4666666666666667,0.6166666666666667,0.4,0.4769293785095215,0.02087821960449219
0.3,5,0.0129155,0.9,10,0.4333333333333333,0.06666666666666667,753,0.43333333333333335,0.3333333333333333,0.4666666666666667,0.5333333333333333,0.4,0.4736804962158203,0.02083306312561035
0.3,5,0.0129155,0.9,20,0.44666666666666666,0.07845734863959883,721,0.5166666666666667,0.3333333333333333,0.55,0.43333333333333335,0.4,0.4800265312194824,0.020893096923828125
0.3,5,0.0129155,0.9,50,0.5700000000000001,0.1403962645910179,575,0.8166666666666667,0.6333333333333333,0.45,0.45,0.5,0.4891930103302002,0.020989704132080077
0.3,5,0.0464159,0.1,5,0.5900000000000001,0.18607047649270483,540,0.8166666666666667,0.4666666666666667,0.6333333333333333,0.7333333333333334,0.30000000000000004,0.49066944122314454,0.020847606658935546
0.3,5,0.0464159,0.1,10,0.7066666666666667,0.06110100926607785,250,0.8166666666666667,0.65,0.7166666666666667,0.65,0.7,0.4940356254577637,0.020709753036499023
0.3,5,0.0464159,0.1,20,0.6633333333333333,0.12489995996796796,392,0.9,0.65,0.5333333333333333,0.6333333333333333,0.6000000000000001,0.4956973075866699,0.02117767333984375
0.3,5,0.0464159,0.1,50,0.68,0.07986099033807292,341,0.8,0.75,0.6166666666666667,0.6333333333333333,0.6000000000000001,0.5071818351745605,0.020996761322021485
0.3,5,0.0464159,0.3,5,0.7166666666666667,0.18073922282301277,228,1.0,0.4666666666666667,0.7166666666666667,0.8,0.6000000000000001,0.4897609233856201,0.020636749267578126
0.3,5,0.0464159,0.3,10,0.7566666666666666,0.08602325267042628,81,0.9,0.65,0.7166666666666667,0.7166666666666667,0.8,0.49430480003356936,0.020929765701293946
0.3,5,0.0464159,0.3,20,0.7200000000000001,0.07483314773547886,193,0.8,0.7333333333333334,0.6333333333333333,0.6333333333333333,0.8,0.49950456619262695,0.02101106643676758
0.3,5,0.0464159,0.3,50,0.7366666666666667,0.10295630140987001,143,0.8,0.65,0.6166666666666667,0.7166666666666667,0.9,0.5103143215179443,0.020933246612548827
0.3,5,0.0464159,0.5,5,0.5433333333333333,0.06548960901462833,616,0.43333333333333335,0.55,0.5166666666666667,0.6166666666666667,0.6,0.4800772190093994,0.020849227905273438
0.3,5,0.0464159,0.5,10,0.5666666666666667,0.08232726023485644,601,0.43333333333333335,0.6666666666666666,0.5166666666666667,0.6166666666666667,0.6,0.48511881828308107,0.021399164199829103
0.3,5,0.0464159,0.5,20,0.5866666666666667,0.05517648452415614,543,0.5166666666666667,0.6666666666666666,0.6166666666666667,0.5333333333333333,0.6,0.4918879508972168,0.02114386558532715
0.3,5,0.0464159,0.5,50,0.7200000000000001,0.050990195135927854,193,0.8166666666666667,0.6666666666666666,0.7,0.7166666666666667,0.7,0.4998049736022949,0.020964956283569335
0.3,5,0.0464159,0.7,5,0.45,0.09428090415820635,705,0.43333333333333335,0.3333333333333333,0.4666666666666667,0.6166666666666667,0.4,0.47087712287902833,0.02073063850402832
0.3,5,0.0464159,0.7,10,0.4333333333333333,0.06666666666666667,753,0.43333333333333335,0.3333333333333333,0.4666666666666667,0.5333333333333333,0.4,0.47254371643066406,0.021014404296875
0.3,5,0.0464159,0.7,20,0.44666666666666666,0.07845734863959883,721,0.5166666666666667,0.3333333333333333,0.55,0.43333333333333335,0.4,0.482454776763916,0.020876359939575196
0.3,5,0.0464159,0.7,50,0.5700000000000001,0.1403962645910179,575,0.8166666666666667,0.6333333333333333,0.45,0.45,0.5,0.4936119556427002,0.020945072174072266
0.3,5,0.0464159,0.9,5,0.45,0.09428090415820635,705,0.43333333333333335,0.3333333333333333,0.4666666666666667,0.6166666666666667,0.4,0.47621331214904783,0.020726346969604494
0.3,5,0.0464159,0.9,10,0.4333333333333333,0.06666666666666667,753,0.43333333333333335,0.3333333333333333,0.4666666666666667,0.5333333333333333,0.4,0.472670316696167,0.020996522903442384
0.3,5,0.0464159,0.9,20,0.44666666666666666,0.07845734863959883,721,0.5166666666666667,0.3333333333333333,0.55,0.43333333333333335,0.4,0.48312993049621583,0.020931816101074217
0.3,5,0.0464159,0.9,50,0.5700000000000001,0.1403962645910179,575,0.8166666666666667,0.6333333333333333,0.45,0.45,0.5,0.491201114654541,0.020864057540893554
0.3,5,0.16681,0.1,5,0.5933333333333333,0.14321700705960555,538,0.8166666666666667,0.48333333333333334,0.6333333333333333,0.6333333333333333,0.4,0.5276834964752197,0.02108488082885742
0.3,5,0.16681,0.1,10,0.7,0.1636391694484477,263,0.9,0.75,0.7166666666666667,0.7333333333333334,0.4,0.5296569347381592,0.020885992050170898
0.3,5,0.16681,0.1,20,0.6833333333333333,0.10954451150103323,318,0.9,0.65,0.6333333333333333,0.6333333333333333,0.6,0.5318074226379395,0.021113777160644533
0.3,5,0.16681,0.1,50,0.7200000000000001,0.07102425250887508,193,0.8,0.65,0.7166666666666667,0.6333333333333333,0.8,0.5407567024230957,0.02116250991821289
0.3,5,0.16681,0.3,5,0.6666666666666667,0.1456784892227477,383,0.8166666666666667,0.75,0.6333333333333333,0.7333333333333334,0.4,0.5260919570922852,0.020993995666503906
0.3,5,0.16681,0.3,10,0.6633333333333333,0.1407914138796192,392,0.9,0.5666666666666667,0.6166666666666667,0.7333333333333334,0.5,0.5350032806396484,0.021218061447143555
0.3,5,0.16681,0.3,20,0.7033333333333334,0.10132456102380444,252,0.9,0.65,0.6333333333333333,0.6333333333333333,0.7,0.5371307849884033,0.021016263961791994
0.3,5,0.16681,0.3,50,0.74,0.06200358412579427,130,0.8,0.75,0.7166666666666667,0.6333333333333333,0.8,0.5440054416656495,0.020923089981079102
0.3,5,0.16681,0.5,5,0.68,0.12622730819174327,341,0.8166666666666667,0.5666666666666667,0.8,0.7166666666666667,0.5,0.5319305419921875,0.020889711380004884
0.3,5,0.16681,0.5,10,0.7633333333333333,0.08844332774281068,75,0.9,0.6666666666666666,0.7166666666666667,0.8333333333333333,0.7,0.5361384868621826,0.021092891693115234
0.3,5,0.16681,0.5,20,0.6833333333333333,0.12110601416389968,318,0.9,0.65,0.5333333333333333,0.6333333333333333,0.7,0.5401309490203857,0.02098989486694336
0.3,5,0.16681,0.5,50,0.72,0.05517648452415619,208,0.8,0.75,0.7166666666666667,0.6333333333333333,0.7,0.5499969959259033,0.02106308937072754
0.3,5,0.16681,0.7,5,0.7133333333333333,0.10402991022884822,243,0.8,0.7333333333333334,0.7166666666666667,0.5166666666666667,0.8,0.5312618732452392,0.02097020149230957
0.3,5,0.16681,0.7,10,0.7366666666666667,0.10022197585581939,143,0.9,0.65,0.8,0.6333333333333333,0.7,0.5369170188903809,0.021035194396972656
0.3,5,0.16681,0.7,20,0.74,0.09921917377424813,130,0.9,0.65,0.7166666666666667,0.6333333333333333,0.8,0.5399263858795166,0.02107710838317871
0.3,5,0.16681,0.7,50,0.7366666666666667,0.10295630140987,143,0.9,0.65,0.6166666666666667,0.7166666666666667,0.8,0.5507165431976319,0.020885276794433593
0.3,5,0.16681,0.9,5,0.7366666666666667,0.035590260840104394,143,0.7166666666666667,0.75,0.7166666666666667,0.7,0.8,0.5199687480926514,0.020969963073730467
0.3,5,0.16681,0.9,10,0.7733333333333333,0.10466878978738384,41,0.9,0.8333333333333333,0.7166666666666667,0.8166666666666667,0.6000000000000001,0.5239362716674805,0.021013879776000978
0.3,5,0.16681,0.9,20,0.7766666666666667,0.09285592184789412,19,0.9,0.8333333333333333,0.6333333333333333,0.7166666666666667,0.8,0.5276990413665772,0.02100543975830078
0.3,5,0.16681,0.9,50,0.7366666666666667,0.0678232998312527,143,0.8,0.75,0.6166666666666667,0.7166666666666667,0.8,0.5379405975341797,0.021059083938598632
0.3,5,0.599484,0.1,5,0.6100000000000001,0.1821476812308567,491,0.9166666666666667,0.65,0.45,0.6333333333333333,0.4,0.5916241645812989,0.020952510833740234
0.3,5,0.599484,0.1,10,0.6599999999999999,0.17467430008765203,416,0.9,0.75,0.7166666666666667,0.5333333333333333,0.4,0.5975144863128662,0.02107381820678711
0.3,5,0.599484,0.1,20,0.6833333333333333,0.10954451150103323,318,0.9,0.65,0.6333333333333333,0.6333333333333333,0.6,0.6022562980651855,0.021079111099243163
0.3,5,0.599484,0.1,50,0.6966666666666667,0.058118652580542336,296,0.8,0.65,0.7,0.6333333333333333,0.7,0.6121677398681641,0.020938968658447264
0.3,5,0.599484,0.3,5,0.61,0.118133634311129,495,0.8166666666666667,0.6666666666666666,0.5333333333333333,0.5333333333333333,0.5,0.6093056678771973,0.02111525535583496
0.3,5,0.599484,0.3,10,0.6466666666666666,0.1723691129846386,425,0.9,0.75,0.5333333333333333,0.65,0.4,0.6145371913909912,0.02095685005187988
0.3,5,0.599484,0.3,20,0.6633333333333333,0.12489995996796797,392,0.9,0.65,0.5333333333333333,0.6333333333333333,0.6,0.6210344314575196,0.021069431304931642
0.3,5,0.599484,0.3,50,0.6966666666666667,0.08589399151150087,296,0.8,0.65,0.8,0.6333333333333333,0.6,0.6298749923706055,0.02099456787109375
0.3,5,0.599484,0.5,5,0.6866666666666668,0.11025223605694151,310,0.8166666666666667,0.75,0.6333333333333333,0.7333333333333334,0.5,0.6063511848449707,0.02104330062866211
0.3,5,0.599484,0.5,10,0.6466666666666666,0.1723691129846386,425,0.9,0.75,0.5333333333333333,0.65,0.4,0.6153392314910888,0.020825529098510744
0.3,5,0.599484,0.5,20,0.7233333333333333,0.09865765724632497,188,0.9,0.75,0.6333333333333333,0.6333333333333333,0.7,0.6131242275238037,0.021034049987792968
0.3,5,0.599484,0.5,50,0.6833333333333333,0.06749485577105531,318,0.7166666666666667,0.65,0.6166666666666667,0.6333333333333333,0.8,0.6233665466308593,0.02099013328552246
0.3,5,0.599484,0.7,5,0.74,0.06377042156569665,130,0.8166666666666667,0.6666666666666666,0.7,0.8166666666666667,0.7,0.6252268314361572,0.02096400260925293
0.3,5,0.599484,0.7,10,0.6799999999999999,0.18541245313564506,362,0.9,0.75,0.5333333333333333,0.8166666666666667,0.4,0.6328533172607422,0.02095513343811035
0.3,5,0.599484,0.7,20,0.7233333333333333,0.09865765724632497,188,0.9,0.75,0.6333333333333333,0.6333333333333333,0.7,0.6400679588317871,0.02091350555419922
0.3,5,0.599484,0.7,50,0.72,0.05517648452415619,208,0.8,0.75,0.7166666666666667,0.6333333333333333,0.7,0.6456429481506347,0.02109050750732422
0.3,5,0.599484,0.9,5,0.7233333333333334,0.08069145624606802,181,0.8166666666666667,0.6666666666666666,0.6166666666666667,0.8166666666666667,0.7,0.6385215759277344,0.020882558822631837
0.3,5,0.599484,0.9,10,0.6966666666666665,0.17009801096230764,308,0.9,0.6666666666666666,0.7,0.8166666666666667,0.4,0.6442430496215821,0.020874452590942384
0.3,5,0.599484,0.9,20,0.7433333333333334,0.10198039027185572,129,0.9,0.75,0.6333333333333333,0.6333333333333333,0.8,0.6485179424285888,0.021122121810913087
0.3,5,0.599484,0.9,50,0.7033333333333334,0.0653197264742181,252,0.8,0.75,0.6333333333333333,0.6333333333333333,0.7,0.6592257499694825,0.02100520133972168
0.3,5,2.15443,0.1,5,0.5866666666666667,0.14506703431325962,543,0.8,0.65,0.45,0.6333333333333333,0.4,0.7210165500640869,0.02133784294128418
0.3,5,2.15443,0.1,10,0.6666666666666666,0.14023789311975085,387,0.9,0.6666666666666666,0.7166666666666667,0.55,0.5,0.724021577835083,0.021104192733764647
0.3,5,2.15443,0.1,20,0.7,0.10954451150103325,263,0.9,0.7333333333333334,0.6333333333333333,0.6333333333333333,0.6,0.7297601222991943,0.021127653121948243
0.3,5,2.15443,0.1,50,0.7,0.08232726023485648,263,0.8,0.65,0.6166666666666667,0.6333333333333333,0.8,0.7391067028045655,0.02103285789489746
0.3,5,2.15443,0.3,5,0.5599999999999999,0.15003703246569194,609,0.8333333333333333,0.5666666666666667,0.55,0.45,0.4,0.786479139328003,0.02088298797607422
0.3,5,2.15443,0.3,10,0.6633333333333333,0.1644519517805868,392,0.9,0.75,0.6166666666666667,0.65,0.4,0.788104248046875,0.020902252197265624
0.3,5,2.15443,0.3,20,0.6833333333333333,0.12909944487358058,318,0.9,0.75,0.5333333333333333,0.6333333333333333,0.6,0.7947414875030517,0.02119307518005371
0.3,5,2.15443,0.3,50,0.7,0.08232726023485648,263,0.8,0.65,0.6166666666666667,0.6333333333333333,0.8,0.8013461112976075,0.0210324764251709
0.3,5,2.15443,0.5,5,0.5933333333333333,0.14204850501775007,538,0.8333333333333333,0.5666666666666667,0.6333333333333333,0.5333333333333333,0.4,0.8013081073760986,0.020926284790039062
0.3,5,2.15443,0.5,10,0.6266666666666667,0.16485684025170985,463,0.9,0.65,0.5333333333333333,0.65,0.4,0.8037233352661133,0.021047306060791016
0.3,5,2.15443,0.5,20,0.68,0.11125546178852426,341,0.9,0.65,0.6166666666666667,0.6333333333333333,0.6,0.8083302974700928,0.021071481704711913
0.3,5,2.15443,0.5,50,0.7166666666666667,0.11450376024878448,228,0.8,0.65,0.9,0.6333333333333333,0.6,0.8193518638610839,0.020971345901489257
0.3,5,2.15443,0.7,5,0.67,0.16679994670929074,379,0.9166666666666667,0.6666666666666666,0.6333333333333333,0.7333333333333334,0.4,0.7800734996795654,0.02112870216369629
0.3,5,2.15443,0.7,10,0.6466666666666666,0.1723691129846386,425,0.9,0.75,0.5333333333333333,0.65,0.4,0.7871316909790039,0.0209531307220459
0.3,5,2.15443,0.7,20,0.72,0.10187137859957418,208,0.9,0.75,0.6166666666666667,0.6333333333333333,0.7,0.7886528968811035,0.021007204055786134
0.3,5,2.15443,0.7,50,0.68,0.0661647774709307,341,0.8,0.65,0.6166666666666667,0.6333333333333333,0.7,0.800856065750122,0.02149620056152344
0.3,5,2.15443,0.9,5,0.6333333333333333,0.09888264649460886,457,0.7333333333333334,0.6666666666666666,0.5333333333333333,0.7333333333333334,0.5,0.8583442687988281,0.020998477935791016
0.3,5,2.15443,0.9,10,0.6633333333333333,0.20094222497468714,392,0.9,0.75,0.45,0.8166666666666667,0.4,0.8644294738769531,0.021042490005493165
0.3,5,2.15443,0.9,20,0.74,0.08856886837057618,130,0.9,0.75,0.7166666666666667,0.6333333333333333,0.7,0.8686776161193848,0.02108912467956543
0.3,5,2.15443,0.9,50,0.7,0.06912147117775908,263,0.8,0.75,0.6166666666666667,0.6333333333333333,0.7,0.8845714569091797,0.020863771438598633
0.3,5,7.74264,0.1,5,0.5399999999999999,0.15691469727919757,621,0.8333333333333333,0.5666666666666667,0.4666666666666667,0.43333333333333335,0.4,0.8219082355499268,0.021148061752319335
0.3,5,7.74264,0.1,10,0.6833333333333333,0.1299572579307862,318,0.9,0.6666666666666666,0.7166666666666667,0.6333333333333333,0.5,0.8238628387451172,0.020891332626342775
0.3,5,7.74264,0.1,20,0.6633333333333333,0.13012814197295425,392,0.9,0.65,0.6333333333333333,0.6333333333333333,0.5,0.8297811508178711,0.020967626571655275
0.3,5,7.74264,0.1,50,0.68,0.1082178872049862,341,0.8,0.65,0.5166666666666667,0.6333333333333333,0.8,0.8429594993591308,0.0210237979888916
0.3,5,7.74264,0.3,5,0.5933333333333335,0.18306040290327977,536,0.9166666666666667,0.65,0.55,0.45,0.4,0.9800618171691895,0.020962238311767578
0.3,5,7.74264,0.3,10,0.6866666666666666,0.12884098726725127,314,0.9,0.6666666666666666,0.7166666666666667,0.65,0.5,0.9789911270141601,0.020760059356689453
0.3,5,7.74264,0.3,20,0.72,0.11709445380166865,208,0.9,0.65,0.8166666666666667,0.6333333333333333,0.6,0.9834390163421631,0.021123313903808595
0.3,5,7.74264,0.3,50,0.7166666666666666,0.09545214042184236,238,0.9,0.65,0.7,0.6333333333333333,0.7,1.0015708446502685,0.02095370292663574
0.3,5,7.74264,0.5,5,0.6166666666666667,0.12692955176439844,485,0.8333333333333333,0.65,0.55,0.45,0.6,1.0511048316955567,0.021057319641113282
0.3,5,7.74264,0.5,10,0.6833333333333333,0.16766368453279054,318,1.0,0.65,0.6166666666666667,0.65,0.5,1.0528457641601563,0.02107400894165039
0.3,5,7.74264,0.5,20,0.6633333333333333,0.12489995996796797,392,0.9,0.65,0.5333333333333333,0.6333333333333333,0.6,1.0597988605499267,0.021141767501831055
0.3,5,7.74264,0.5,50,0.68,0.11125546178852426,341,0.9,0.65,0.6166666666666667,0.6333333333333333,0.6,1.073765468597412,0.02103762626647949
0.3,5,7.74264,0.7,5,0.5599999999999999,0.1462873883832779,609,0.8333333333333333,0.48333333333333334,0.55,0.5333333333333333,0.4,1.0991526126861573,0.02091383934020996
0.3,5,7.74264,0.7,10,0.6633333333333333,0.16034684627740925,392,0.9,0.65,0.7166666666666667,0.65,0.4,1.0972534656524657,0.021050310134887694
0.3,5,7.74264,0.7,20,0.68,0.11125546178852426,341,0.9,0.65,0.6166666666666667,0.6333333333333333,0.6,1.1085067749023438,0.020960235595703126
0.3,5,7.74264,0.7,50,0.7166666666666667,0.1016530045465127,228,0.9,0.65,0.7166666666666667,0.7166666666666667,0.6000000000000001,1.1258217334747314,0.021160125732421875
0.3,5,7.74264,0.9,5,0.6133333333333334,0.17365355036841473,487,0.9166666666666667,0.6666666666666666,0.55,0.5333333333333333,0.4,1.1302600860595704,0.020909595489501952
0.3,5,7.74264,0.9,10,0.6666666666666666,0.14643921757659198,387,0.9,0.75,0.5333333333333333,0.65,0.5,1.1234013557434082,0.0210599422454834
0.3,5,7.74264,0.9,20,0.7,0.11303883305208783,263,0.9,0.75,0.6166666666666667,0.6333333333333333,0.6,1.1224427700042725,0.02114415168762207
0.3,5,7.74264,0.9,50,0.7166666666666666,0.09545214042184236,238,0.9,0.65,0.7,0.6333333333333333,0.7,1.1373680114746094,0.021043825149536132
0.3,5,27.8256,0.1,5,0.5666666666666667,0.14869805348796972,601,0.8166666666666667,0.5666666666666667,0.6166666666666667,0.43333333333333335,0.4,0.7495373725891114,0.021003007888793945
0.3,5,27.8256,0.1,10,0.6833333333333333,0.12952906151816965,318,0.9,0.65,0.7166666666666667,0.65,0.5,0.7539188385009765,0.0210935115814209
0.3,5,27.8256,0.1,20,0.6633333333333333,0.14468356276140473,392,0.9,0.65,0.5333333333333333,0.7333333333333334,0.5,0.7644074916839599,0.021038293838500977
0.3,5,27.8256,0.1,50,0.72,0.15398412616601462,208,0.9,0.65,0.5166666666666667,0.6333333333333333,0.9,0.7701046943664551,0.021085071563720702
0.3,5,27.8256,0.3,5,0.52,0.12036980056845194,647,0.7333333333333334,0.5666666666666667,0.4666666666666667,0.43333333333333335,0.4,0.988257646560669,0.021012353897094726
0.3,5,27.8256,0.3,10,0.6833333333333333,0.1299572579307862,318,0.9,0.6666666666666666,0.7166666666666667,0.6333333333333333,0.5,0.9952775001525879,0.020839977264404296
0.3,5,27.8256,0.3,20,0.6633333333333333,0.14039626459101792,392,0.9,0.65,0.7166666666666667,0.55,0.5,0.9986582279205323,0.0209869384765625
0.3,5,27.8256,0.3,50,0.6599999999999999,0.09225568335398698,416,0.8,0.65,0.5166666666666667,0.6333333333333333,0.7,1.0152008533477783,0.021075630187988283
0.3,5,27.8256,0.5,5,0.6133333333333333,0.14118545723031578,488,0.8333333333333333,0.65,0.55,0.6333333333333333,0.4,1.1449650287628175,0.021175193786621093
0.3,5,27.8256,0.5,10,0.6866666666666666,0.12884098726725127,314,0.9,0.6666666666666666,0.7166666666666667,0.65,0.5,1.148583459854126,0.021877002716064454
0.3,5,27.8256,0.5,20,0.6966666666666667,0.13097921802925666,296,0.9,0.7333333333333334,0.7166666666666667,0.6333333333333333,0.5,1.1500600814819335,0.020893669128417967
0.3,5,27.8256,0.5,50,0.68,0.1082178872049862,341,0.8,0.65,0.5166666666666667,0.6333333333333333,0.8,1.2170976638793944,0.021283531188964845
0.3,5,27.8256,0.7,5,0.5733333333333335,0.20698899595013365,554,0.9166666666666667,0.65,0.55,0.45,0.30000000000000004,1.4898075103759765,0.02098402976989746
0.3,5,27.8256,0.7,10,0.7233333333333334,0.10252370999486467,181,0.9,0.75,0.7166666666666667,0.65,0.6,1.3561335563659669,0.02102351188659668
0.3,5,27.8256,0.7,20,0.6799999999999999,0.1305543735171076,362,0.9,0.65,0.7166666666666667,0.6333333333333333,0.5,1.4950209617614747,0.020919036865234376
0.3,5,27.8256,0.7,50,0.7,0.1038160766826496,263,0.9,0.65,0.6166666666666667,0.6333333333333333,0.7,1.3165730476379394,0.021187305450439453
0.3,5,27.8256,0.9,5,0.6133333333333335,0.16546231527987812,486,0.9166666666666667,0.65,0.55,0.45,0.5,1.3239886283874511,0.02113633155822754
0.3,5,27.8256,0.9,10,0.7233333333333334,0.14779866184930243,181,1.0,0.75,0.6166666666666667,0.65,0.6,1.328992986679077,0.021060371398925783
0.3,5,27.8256,0.9,20,0.6799999999999999,0.1305543735171076,362,0.9,0.65,0.7166666666666667,0.6333333333333333,0.5,1.3308017253875732,0.021094512939453126
0.3,5,27.8256,0.9,50,0.68,0.11125546178852426,341,0.9,0.65,0.6166666666666667,0.6333333333333333,0.6,1.3405392646789551,0.02123088836669922
0.3,5,100.0,0.1,5,0.5366666666666666,0.15070206073943085,624,0.8166666666666667,0.5666666666666667,0.4666666666666667,0.43333333333333335,0.4,0.7830127239227295,0.021024370193481447
0.3,5,100.0,0.1,10,0.6666666666666667,0.14259499757471625,383,0.9,0.4666666666666667,0.7166666666666667,0.65,0.6000000000000001,0.7889046192169189,0.020836782455444337
0.3,5,100.0,0.1,20,0.72,0.13800161029656302,208,0.9,0.65,0.8166666666666667,0.7333333333333334,0.5,0.7891437530517578,0.021146488189697266
0.3,5,100.0,0.1,50,0.68,0.09854496999396321,341,0.8,0.75,0.5166666666666667,0.6333333333333333,0.7,0.8054896354675293,0.021172332763671874
0.3,5,100.0,0.3,5,0.5666666666666667,0.14869805348796972,601,0.8166666666666667,0.5666666666666667,0.6166666666666667,0.43333333333333335,0.4,0.8031058788299561,0.021085166931152345
0.3,5,100.0,0.3,10,0.7033333333333334,0.10509255180289631,252,0.9,0.65,0.7166666666666667,0.65,0.6000000000000001,0.8099315166473389,0.021077632904052734
0.3,5,100.0,0.3,20,0.7,0.14181364924121767,263,0.9,0.65,0.8166666666666667,0.6333333333333333,0.5,0.8179239749908447,0.02093472480773926
0.3,5,100.0,0.3,50,0.7,0.11005049346146119,263,0.8,0.75,0.5166666666666667,0.6333333333333333,0.8,0.8258464813232422,0.021056938171386718
0.3,5,100.0,0.5,5,0.5466666666666666,0.11709445380166864,615,0.7166666666666667,0.5666666666666667,0.6166666666666667,0.43333333333333335,0.4,0.8511685371398926,0.02095165252685547
0.3,5,100.0,0.5,10,0.6866666666666668,0.10821788720498617,310,0.9,0.65,0.6333333333333333,0.65,0.6000000000000001,0.8562758445739747,0.02104611396789551
0.3,5,100.0,0.5,20,0.6633333333333333,0.14468356276140473,392,0.9,0.65,0.5333333333333333,0.7333333333333334,0.5,0.8643513202667237,0.02091364860534668
0.3,5,100.0,0.5,50,0.7,0.13457752825457567,263,0.8,0.65,0.5166666666666667,0.6333333333333333,0.9,0.8736703395843506,0.021029138565063478
0.3,5,100.0,0.7,5,0.5366666666666667,0.10022197585581938,622,0.7166666666666667,0.5666666666666667,0.4666666666666667,0.43333333333333335,0.5,0.9595570087432861,0.020900154113769533
0.3,5,100.0,0.7,10,0.72,0.10509255180289631,208,0.9,0.75,0.7166666666666667,0.6333333333333333,0.6000000000000001,0.968512773513794,0.021044063568115234
0.3,5,100.0,0.7,20,0.6433333333333333,0.14047538337136986,431,0.9,0.65,0.5333333333333333,0.6333333333333333,0.5,0.9637318134307862,0.021188020706176758
0.3,5,100.0,0.7,50,0.7,0.13457752825457567,263,0.9,0.65,0.5166666666666667,0.6333333333333333,0.8,0.9756124496459961,0.021057510375976564
0.3,5,100.0,0.9,5,0.52,0.12036980056845194,647,0.7333333333333334,0.5666666666666667,0.4666666666666667,0.43333333333333335,0.4,1.0510305404663085,0.02109980583190918
0.3,5,100.0,0.9,10,0.7033333333333334,0.1284090685617215,252,0.9,0.6666666666666666,0.7166666666666667,0.7333333333333334,0.5,1.053724479675293,0.021175718307495116
0.3,5,100.0,0.9,20,0.7,0.12952906151816965,263,0.9,0.65,0.7166666666666667,0.7333333333333334,0.5,1.0598412036895752,0.02096085548400879
0.3,5,100.0,0.9,50,0.7,0.13457752825457567,263,0.9,0.65,0.5166666666666667,0.6333333333333333,0.8,1.0666900157928467,0.02114548683166504
