param_clf__max_features,param_clf__min_samples_leaf,param_selector__C,param_selector__l1_ratio,param_selector__top_k,mean_test_score,std_test_score,rank_test_score,split0_test_score,split1_test_score,split2_test_score,split3_test_score,split4_test_score,mean_fit_time,mean_score_time
sqrt,1,0.001,0.1,5,0.6766666666666666,0.08069145624606802,337,0.8166666666666667,0.7166666666666667,0.6166666666666667,0.6,0.6333333333333333,0.39948186874389646,0.017230749130249023
sqrt,1,0.001,0.1,10,0.6833333333333333,0.11055415967851333,296,0.8333333333333333,0.8,0.6166666666666667,0.6,0.5666666666666667,0.4017939567565918,0.017383527755737305
sqrt,1,0.001,0.1,20,0.5900000000000001,0.16041612554021287,595,0.55,0.9,0.5333333333333333,0.5333333333333333,0.43333333333333335,0.40955166816711425,0.018052148818969726
sqrt,1,0.001,0.1,50,0.5733333333333334,0.038873012632301994,657,0.5666666666666667,0.6166666666666667,0.55,0.5166666666666667,0.6166666666666667,0.41270952224731444,0.017569589614868163
sqrt,1,0.001,0.3,5,0.6766666666666666,0.08069145624606802,337,0.8166666666666667,0.7166666666666667,0.6166666666666667,0.6,0.6333333333333333,0.40120949745178225,0.017479610443115235
sqrt,1,0.001,0.3,10,0.6833333333333333,0.11055415967851333,296,0.8333333333333333,0.8,0.6166666666666667,0.6,0.5666666666666667,0.40271725654602053,0.017624473571777342
sqrt,1,0.001,0.3,20,0.5900000000000001,0.16041612554021287,595,0.55,0.9,0.5333333333333333,0.5333333333333333,0.43333333333333335,0.40880484580993653,0.01757822036743164
sqrt,1,0.001,0.3,50,0.5733333333333334,0.038873012632301994,657,0.5666666666666667,0.6166666666666667,0.55,0.5166666666666667,0.6166666666666667,0.413907527923584,0.017659950256347656
sqrt,1,0.001,0.5,5,0.6766666666666666,0.08069145624606802,337,0.8166666666666667,0.7166666666666667,0.6166666666666667,0.6,0.6333333333333333,0.4001354694366455,0.017584848403930663
sqrt,1,0.001,0.5,10,0.6833333333333333,0.11055415967851333,296,0.8333333333333333,0.8,0.6166666666666667,0.6,0.5666666666666667,0.40238232612609864,0.017865562438964845
sqrt,1,0.001,0.5,20,0.5900000000000001,0.16041612554021287,595,0.55,0.9,0.5333333333333333,0.5333333333333333,0.43333333333333335,0.40813593864440917,0.01778554916381836
sqrt,1,0.001,0.5,50,0.5733333333333334,0.038873012632301994,657,0.5666666666666667,0.6166666666666667,0.55,0.5166666666666667,0.6166666666666667,0.41415882110595703,0.01763911247253418
sqrt,1,0.001,0.7,5,0.6766666666666666,0.08069145624606802,337,0.8166666666666667,0.7166666666666667,0.6166666666666667,0.6,0.6333333333333333,0.40058436393737795,0.017655038833618165
sqrt,1,0.001,0.7,10,0.6833333333333333,0.11055415967851333,296,0.8333333333333333,0.8,0.6166666666666667,0.6,0.5666666666666667,0.40413427352905273,0.017670106887817384
sqrt,1,0.001,0.7,20,0.5900000000000001,0.16041612554021287,595,0.55,0.9,0.5333333333333333,0.5333333333333333,0.43333333333333335,0.4107674121856689,0.017536211013793945
sqrt,1,0.001,0.7,50,0.5733333333333334,0.038873012632301994,657,0.5666666666666667,0.6166666666666667,0.55,0.5166666666666667,0.6166666666666667,0.4149640083312988,0.017508316040039062
sqrt,1,0.001,0.9,5,0.6766666666666666,0.08069145624606802,337,0.8166666666666667,0.7166666666666667,0.6166666666666667,0.6,0.6333333333333333,0.4006925582885742,0.017589712142944337
sqrt,1,0.001,0.9,10,0.6833333333333333,0.11055415967851333,296,0.8333333333333333,0.8,0.6166666666666667,0.6,0.5666666666666667,0.4014009475708008,0.01758856773376465
sqrt,1,0.001,0.9,20,0.5900000000000001,0.16041612554021287,595,0.55,0.9,0.5333333333333333,0.5333333333333333,0.43333333333333335,0.408839750289917,0.01787118911743164
sqrt,1,0.001,0.9,50,0.5733333333333334,0.038873012632301994,657,0.5666666666666667,0.6166666666666667,0.55,0.5166666666666667,0.6166666666666667,0.4129284381866455,0.017766284942626952
sqrt,1,0.00359381,0.1,5,0.6766666666666666,0.08069145624606802,337,0.8166666666666667,0.7166666666666667,0.6166666666666667,0.6,0.6333333333333333,0.4008039951324463,0.01742420196533203
sqrt,1,0.00359381,0.1,10,0.6833333333333333,0.11055415967851333,296,0.8333333333333333,0.8,0.6166666666666667,0.6,0.5666666666666667,0.4017930507659912,0.01779308319091797
sqrt,1,0.00359381,0.1,20,0.5900000000000001,0.16041612554021287,595,0.55,0.9,0.5333333333333333,0.5333333333333333,0.43333333333333335,0.4087775707244873,0.017538976669311524
sqrt,1,0.00359381,0.1,50,0.5733333333333334,0.038873012632301994,657,0.5666666666666667,0.6166666666666667,0.55,0.5166666666666667,0.6166666666666667,0.41295833587646485,0.017524290084838866
sqrt,1,0.00359381,0.3,5,0.6766666666666666,0.08069145624606802,337,0.8166666666666667,0.7166666666666667,0.6166666666666667,0.6,0.6333333333333333,0.3993502140045166,0.01775364875793457
sqrt,1,0.00359381,0.3,10,0.6833333333333333,0.11055415967851333,296,0.8333333333333333,0.8,0.6166666666666667,0.6,0.5666666666666667,0.4006818294525146,0.017753028869628908
sqrt,1,0.00359381,0.3,20,0.5900000000000001,0.16041612554021287,595,0.55,0.9,0.5333333333333333,0.5333333333333333,0.43333333333333335,0.40982508659362793,0.017585039138793945
sqrt,1,0.00359381,0.3,50,0.5733333333333334,0.038873012632301994,657,0.5666666666666667,0.6166666666666667,0.55,0.5166666666666667,0.6166666666666667,0.4146477699279785,0.01785244941711426
sqrt,1,0.00359381,0.5,5,0.6766666666666666,0.08069145624606802,337,0.8166666666666667,0.7166666666666667,0.6166666666666667,0.6,0.6333333333333333,0.39849443435668946,0.017528343200683593
sqrt,1,0.00359381,0.5,10,0.6833333333333333,0.11055415967851333,296,0.8333333333333333,0.8,0.6166666666666667,0.6,0.5666666666666667,0.4037137508392334,0.01741452217102051
sqrt,1,0.00359381,0.5,20,0.5900000000000001,0.16041612554021287,595,0.55,0.9,0.5333333333333333,0.5333333333333333,0.43333333333333335,0.4102271556854248,0.01749415397644043
sqrt,1,0.00359381,0.5,50,0.5733333333333334,0.038873012632301994,657,0.5666666666666667,0.6166666666666667,0.55,0.5166666666666667,0.6166666666666667,0.41843037605285643,0.01746058464050293
sqrt,1,0.00359381,0.7,5,0.6766666666666666,0.08069145624606802,337,0.8166666666666667,0.7166666666666667,0.6166666666666667,0.6,0.6333333333333333,0.4007387638092041,0.017311906814575194
sqrt,1,0.00359381,0.7,10,0.6833333333333333,0.11055415967851333,296,0.8333333333333333,0.8,0.6166666666666667,0.6,0.5666666666666667,0.4034010410308838,0.017751026153564452
sqrt,1,0.00359381,0.7,20,0.5900000000000001,0.16041612554021287,595,0.55,0.9,0.5333333333333333,0.5333333333333333,0.43333333333333335,0.40819554328918456,0.017769479751586915
sqrt,1,0.00359381,0.7,50,0.5733333333333334,0.038873012632301994,657,0.5666666666666667,0.6166666666666667,0.55,0.5166666666666667,0.6166666666666667,0.4108280658721924,0.0178403377532959
sqrt,1,0.00359381,0.9,5,0.6766666666666666,0.08069145624606802,337,0.8166666666666667,0.7166666666666667,0.6166666666666667,0.6,0.6333333333333333,0.40042409896850584,0.017496299743652344
sqrt,1,0.00359381,0.9,10,0.6833333333333333,0.11055415967851333,296,0.8333333333333333,0.8,0.6166666666666667,0.6,0.5666666666666667,0.4059744358062744,0.017685890197753906
sqrt,1,0.00359381,0.9,20,0.5900000000000001,0.16041612554021287,595,0.55,0.9,0.5333333333333333,0.5333333333333333,0.43333333333333335,0.4076958179473877,0.017648029327392577
sqrt,1,0.00359381,0.9,50,0.5733333333333334,0.038873012632301994,657,0.5666666666666667,0.6166666666666667,0.55,0.5166666666666667,0.6166666666666667,0.4134362697601318,0.017509984970092773
sqrt,1,0.0129155,0.1,5,0.7100000000000001,0.10252370999486465,193,0.8166666666666667,0.75,0.55,0.8,0.6333333333333333,0.40883502960205076,0.017700767517089842
sqrt,1,0.0129155,0.1,10,0.6266666666666666,0.07039570693980958,512,0.6333333333333333,0.75,0.5666666666666667,0.6333333333333333,0.55,0.41140213012695315,0.017768669128417968
sqrt,1,0.0129155,0.1,20,0.7333333333333333,0.10593499054713801,106,0.8166666666666667,0.8333333333333333,0.5666666666666667,0.8,0.65,0.4122041702270508,0.01760587692260742
sqrt,1,0.0129155,0.1,50,0.7066666666666667,0.13441230102437302,210,0.65,0.8,0.4666666666666667,0.8166666666666667,0.8,0.4193995475769043,0.017740392684936525
sqrt,1,0.0129155,0.3,5,0.6766666666666666,0.08069145624606802,337,0.8166666666666667,0.7166666666666667,0.6166666666666667,0.6,0.6333333333333333,0.3975547790527344,0.017756223678588867
sqrt,1,0.0129155,0.3,10,0.6833333333333333,0.11055415967851333,296,0.8333333333333333,0.8,0.6166666666666667,0.6,0.5666666666666667,0.4027132034301758,0.017454195022583007
sqrt,1,0.0129155,0.3,20,0.5900000000000001,0.16041612554021287,595,0.55,0.9,0.5333333333333333,0.5333333333333333,0.43333333333333335,0.4089646816253662,0.017629671096801757
sqrt,1,0.0129155,0.3,50,0.5733333333333334,0.038873012632301994,657,0.5666666666666667,0.6166666666666667,0.55,0.5166666666666667,0.6166666666666667,0.4144004821777344,0.01758127212524414
sqrt,1,0.0129155,0.5,5,0.6766666666666666,0.08069145624606802,337,0.8166666666666667,0.7166666666666667,0.6166666666666667,0.6,0.6333333333333333,0.3981987476348877,0.017452764511108398
sqrt,1,0.0129155,0.5,10,0.6833333333333333,0.11055415967851333,296,0.8333333333333333,0.8,0.6166666666666667,0.6,0.5666666666666667,0.4009867668151855,0.017566728591918945
sqrt,1,0.0129155,0.5,20,0.5900000000000001,0.16041612554021287,595,0.55,0.9,0.5333333333333333,0.5333333333333333,0.43333333333333335,0.40810046195983884,0.017759227752685548
sqrt,1,0.0129155,0.5,50,0.5733333333333334,0.038873012632301994,657,0.5666666666666667,0.6166666666666667,0.55,0.5166666666666667,0.6166666666666667,0.4121408462524414,0.017685985565185545
sqrt,1,0.0129155,0.7,5,0.6766666666666666,0.08069145624606802,337,0.8166666666666667,0.7166666666666667,0.6166666666666667,0.6,0.6333333333333333,0.39812345504760743,0.017515802383422853
sqrt,1,0.0129155,0.7,10,0.6833333333333333,0.11055415967851333,296,0.8333333333333333,0.8,0.6166666666666667,0.6,0.5666666666666667,0.40175914764404297,0.017487144470214842
sqrt,1,0.0129155,0.7,20,0.5900000000000001,0.16041612554021287,595,0.55,0.9,0.5333333333333333,0.5333333333333333,0.43333333333333335,0.4138514518737793,0.017783546447753908
sqrt,1,0.0129155,0.7,50,0.5733333333333334,0.038873012632301994,657,0.5666666666666667,0.6166666666666667,0.55,0.5166666666666667,0.6166666666666667,0.4153014659881592,0.017836809158325195
sqrt,1,0.0129155,0.9,5,0.6766666666666666,0.08069145624606802,337,0.8166666666666667,0.7166666666666667,0.6166666666666667,0.6,0.6333333333333333,0.40143303871154784,0.017614030838012697
sqrt,1,0.0129155,0.9,10,0.6833333333333333,0.11055415967851333,296,0.8333333333333333,0.8,0.6166666666666667,0.6,0.5666666666666667,0.4032577991485596,0.01750020980834961
sqrt,1,0.0129155,0.9,20,0.5900000000000001,0.16041612554021287,595,0.55,0.9,0.5333333333333333,0.5333333333333333,0.43333333333333335,0.41031908988952637,0.017839670181274414
sqrt,1,0.0129155,0.9,50,0.5733333333333334,0.038873012632301994,657,0.5666666666666667,0.6166666666666667,0.55,0.5166666666666667,0.6166666666666667,0.4133354663848877,0.01758599281311035
sqrt,1,0.0464159,0.1,5,0.6966666666666667,0.10077477638553979,233,0.7333333333333334,0.75,0.55,0.6166666666666667,0.8333333333333333,0.41802186965942384,0.017711496353149413
sqrt,1,0.0464159,0.1,10,0.6566666666666666,0.08205689083394113,401,0.7166666666666667,0.75,0.5666666666666667,0.7,0.55,0.4205920219421387,0.017433786392211915
sqrt,1,0.0464159,0.1,20,0.7699999999999999,0.15107025591499548,19,0.9166666666666667,0.8333333333333333,0.6333333333333333,0.9166666666666667,0.55,0.4213575839996338,0.017523956298828126
sqrt,1,0.0464159,0.1,50,0.7266666666666667,0.07859884081701063,142,0.8166666666666667,0.6333333333333333,0.7166666666666667,0.8166666666666667,0.65,0.4262539386749268,0.017613315582275392
sqrt,1,0.0464159,0.3,5,0.6933333333333334,0.09285592184789412,246,0.8166666666666667,0.75,0.55,0.7166666666666667,0.6333333333333333,0.4182100772857666,0.017419815063476562
sqrt,1,0.0464159,0.3,10,0.6599999999999999,0.06548960901462836,395,0.7333333333333334,0.65,0.5666666666666667,0.6166666666666667,0.7333333333333334,0.42086200714111327,0.01744384765625
sqrt,1,0.0464159,0.3,20,0.6966666666666667,0.08393118874676114,233,0.8166666666666667,0.65,0.5666666666666667,0.7166666666666667,0.7333333333333334,0.42484283447265625,0.017258691787719726
sqrt,1,0.0464159,0.3,50,0.7466666666666667,0.0635959467611297,47,0.7333333333333334,0.8166666666666667,0.65,0.8166666666666667,0.7166666666666667,0.43056464195251465,0.01783895492553711
sqrt,1,0.0464159,0.5,5,0.6666666666666666,0.13374935098492588,379,0.6333333333333333,0.7166666666666667,0.5333333333333333,0.9,0.55,0.4108163833618164,0.01762099266052246
sqrt,1,0.0464159,0.5,10,0.6666666666666667,0.1206464071390257,377,0.5333333333333333,0.8,0.55,0.8166666666666667,0.6333333333333333,0.41687607765197754,0.01764645576477051
sqrt,1,0.0464159,0.5,20,0.6333333333333333,0.18043158136965812,476,0.35,0.9,0.5666666666666667,0.7166666666666667,0.6333333333333333,0.41866168975830076,0.017610645294189452
sqrt,1,0.0464159,0.5,50,0.63,0.05416025603090639,496,0.65,0.6166666666666667,0.55,0.7166666666666667,0.6166666666666667,0.42470035552978513,0.017641258239746094
sqrt,1,0.0464159,0.7,5,0.6766666666666666,0.08069145624606802,337,0.8166666666666667,0.7166666666666667,0.6166666666666667,0.6,0.6333333333333333,0.4011892795562744,0.01782398223876953
sqrt,1,0.0464159,0.7,10,0.6833333333333333,0.11055415967851333,296,0.8333333333333333,0.8,0.6166666666666667,0.6,0.5666666666666667,0.40404458045959474,0.017561864852905274
sqrt,1,0.0464159,0.7,20,0.5900000000000001,0.16041612554021287,595,0.55,0.9,0.5333333333333333,0.5333333333333333,0.43333333333333335,0.4104917526245117,0.017913389205932616
sqrt,1,0.0464159,0.7,50,0.5733333333333334,0.038873012632301994,657,0.5666666666666667,0.6166666666666667,0.55,0.5166666666666667,0.6166666666666667,0.4212183952331543,0.017379236221313477
sqrt,1,0.0464159,0.9,5,0.6766666666666666,0.08069145624606802,337,0.8166666666666667,0.7166666666666667,0.6166666666666667,0.6,0.6333333333333333,0.39926695823669434,0.017676019668579103
sqrt,1,0.0464159,0.9,10,0.6833333333333333,0.11055415967851333,296,0.8333333333333333,0.8,0.6166666666666667,0.6,0.5666666666666667,0.40218725204467776,0.017455053329467774
sqrt,1,0.0464159,0.9,20,0.5900000000000001,0.16041612554021287,595,0.55,0.9,0.5333333333333333,0.5333333333333333,0.43333333333333335,0.40883712768554686,0.017792797088623045
sqrt,1,0.0464159,0.9,50,0.5733333333333334,0.038873012632301994,657,0.5666666666666667,0.6166666666666667,0.55,0.5166666666666667,0.6166666666666667,0.41319980621337893,0.017673730850219727
sqrt,1,0.16681,0.1,5,0.7666666666666666,0.07226494462892934,22,0.8333333333333333,0.75,0.6333333333333333,0.8,0.8166666666666667,0.44154834747314453,0.01743450164794922
sqrt,1,0.16681,0.1,10,0.7333333333333332,0.08881941729649485,108,0.7333333333333334,0.75,0.5666666666666667,0.8,0.8166666666666667,0.444304370880127,0.01772618293762207
sqrt,1,0.16681,0.1,20,0.7300000000000001,0.1297005097222915,110,0.8166666666666667,0.7333333333333334,0.6333333333333333,0.9166666666666667,0.55,0.44752326011657717,0.017443513870239256
sqrt,1,0.16681,0.1,50,0.7466666666666666,0.07986099033807295,71,0.8166666666666667,0.8,0.6333333333333333,0.8166666666666667,0.6666666666666666,0.4532333850860596,0.017458391189575196
sqrt,1,0.16681,0.3,5,0.6933333333333334,0.09977753031397173,246,0.7166666666666667,0.75,0.55,0.6166666666666667,0.8333333333333333,0.45053582191467284,0.017637968063354492
sqrt,1,0.16681,0.3,10,0.7133333333333333,0.02867441755680878,180,0.7333333333333334,0.75,0.6666666666666666,0.7,0.7166666666666667,0.4530935764312744,0.017659759521484374
sqrt,1,0.16681,0.3,20,0.7466666666666667,0.07257180352359079,47,0.8166666666666667,0.8333333333333333,0.6333333333333333,0.7166666666666667,0.7333333333333334,0.4516755104064941,0.017587804794311525
sqrt,1,0.16681,0.3,50,0.6566666666666666,0.13063945294843615,401,0.8166666666666667,0.55,0.55,0.8166666666666667,0.55,0.46003546714782717,0.017559194564819337
sqrt,1,0.16681,0.5,5,0.7233333333333334,0.1302134998974974,162,0.7166666666666667,0.9,0.55,0.6166666666666667,0.8333333333333333,0.4515936851501465,0.017393112182617188
sqrt,1,0.16681,0.5,10,0.6699999999999999,0.07102425250887504,372,0.7166666666666667,0.75,0.6333333333333333,0.7,0.55,0.4554749965667725,0.01751365661621094
sqrt,1,0.16681,0.5,20,0.6933333333333332,0.0928559218478941,275,0.7166666666666667,0.8333333333333333,0.55,0.7166666666666667,0.65,0.45628604888916013,0.01750602722167969
sqrt,1,0.16681,0.5,50,0.76,0.0402768199119819,37,0.7333333333333334,0.8,0.7166666666666667,0.8166666666666667,0.7333333333333334,0.46183314323425295,0.017442798614501952
sqrt,1,0.16681,0.7,5,0.6533333333333333,0.06182412330330468,422,0.7166666666666667,0.65,0.55,0.7166666666666667,0.6333333333333333,0.45322456359863283,0.017604303359985352
sqrt,1,0.16681,0.7,10,0.7033333333333333,0.07333333333333332,228,0.7166666666666667,0.8333333333333333,0.6333333333333333,0.7,0.6333333333333333,0.45549330711364744,0.017503929138183594
sqrt,1,0.16681,0.7,20,0.7900000000000001,0.15077577170531525,2,0.9,0.9166666666666667,0.5666666666666667,0.9166666666666667,0.65,0.4585299491882324,0.0174100399017334
sqrt,1,0.16681,0.7,50,0.78,0.13515423288475528,11,0.8166666666666667,0.9,0.55,0.9166666666666667,0.7166666666666667,0.4644439220428467,0.017646265029907227
sqrt,1,0.16681,0.9,5,0.6766666666666666,0.07498147919467994,337,0.7333333333333334,0.75,0.55,0.7166666666666667,0.6333333333333333,0.4488529205322266,0.01786379814147949
sqrt,1,0.16681,0.9,10,0.6566666666666666,0.08205689083394113,401,0.7166666666666667,0.75,0.5666666666666667,0.7,0.55,0.44983134269714353,0.017438077926635744
sqrt,1,0.16681,0.9,20,0.7,0.08881941729649484,231,0.7333333333333334,0.8333333333333333,0.5666666666666667,0.7166666666666667,0.65,0.45288262367248533,0.017880630493164063
sqrt,1,0.16681,0.9,50,0.7300000000000001,0.09153020145163987,110,0.7333333333333334,0.8166666666666667,0.5666666666666667,0.8166666666666667,0.7166666666666667,0.4591559410095215,0.017321681976318358
sqrt,1,0.599484,0.1,5,0.6866666666666668,0.05906681715556452,289,0.7166666666666667,0.75,0.6333333333333333,0.6,0.7333333333333334,0.5056574821472168,0.017497920989990236
sqrt,1,0.599484,0.1,10,0.7366666666666667,0.11566234381931649,95,0.7333333333333334,0.6666666666666666,0.5666666666666667,0.9,0.8166666666666667,0.5083337306976319,0.017627906799316407
sqrt,1,0.599484,0.1,20,0.75,0.12064640713902573,44,0.8166666666666667,0.7333333333333334,0.55,0.9166666666666667,0.7333333333333334,0.5114797592163086,0.017641305923461914
sqrt,1,0.599484,0.1,50,0.7466666666666666,0.12754084313139324,71,0.8166666666666667,0.9,0.55,0.8166666666666667,0.65,0.5144032001495361,0.01763572692871094
sqrt,1,0.599484,0.3,5,0.6966666666666667,0.11990737165736633,233,0.7166666666666667,0.8166666666666667,0.6333333333333333,0.5,0.8166666666666667,0.5198373317718505,0.017717790603637696
sqrt,1,0.599484,0.3,10,0.6966666666666667,0.0661647774709307,233,0.7333333333333334,0.75,0.5666666666666667,0.7166666666666667,0.7166666666666667,0.5231037616729737,0.017647695541381837
sqrt,1,0.599484,0.3,20,0.7633333333333333,0.0725718035235908,30,0.8166666666666667,0.8166666666666667,0.6333333333333333,0.8166666666666667,0.7333333333333334,0.525625467300415,0.017448234558105468
sqrt,1,0.599484,0.3,50,0.7299999999999999,0.10821788720498618,127,0.8166666666666667,0.8166666666666667,0.6333333333333333,0.8166666666666667,0.5666666666666667,0.5308032035827637,0.017887115478515625
sqrt,1,0.599484,0.5,5,0.6666666666666666,0.09189365834726813,379,0.6333333333333333,0.7166666666666667,0.55,0.6166666666666667,0.8166666666666667,0.5403830051422119,0.017661523818969727
sqrt,1,0.599484,0.5,10,0.6933333333333334,0.09345230512584123,246,0.7333333333333334,0.8333333333333333,0.5666666666666667,0.6166666666666667,0.7166666666666667,0.5399080276489258,0.01751236915588379
sqrt,1,0.599484,0.5,20,0.7466666666666667,0.06782329983125268,47,0.7333333333333334,0.8166666666666667,0.6333333333333333,0.8166666666666667,0.7333333333333334,0.540841817855835,0.017322874069213866
sqrt,1,0.599484,0.5,50,0.8166666666666667,0.10055402085998906,1,0.8166666666666667,0.9,0.6333333333333333,0.9166666666666667,0.8166666666666667,0.548773717880249,0.017740774154663085
sqrt,1,0.599484,0.7,5,0.6733333333333332,0.09637888196533971,366,0.6333333333333333,0.75,0.55,0.6166666666666667,0.8166666666666667,0.572642183303833,0.017631149291992186
sqrt,1,0.599484,0.7,10,0.7066666666666668,0.07788880963698613,207,0.7333333333333334,0.8333333333333333,0.6333333333333333,0.6166666666666667,0.7166666666666667,0.5691380977630616,0.01746711730957031
sqrt,1,0.599484,0.7,20,0.77,0.14696938456699069,18,0.8166666666666667,0.9166666666666667,0.55,0.9166666666666667,0.65,0.57180757522583,0.017329883575439454
sqrt,1,0.599484,0.7,50,0.7833333333333334,0.0948683298050514,7,0.7333333333333334,0.8166666666666667,0.6333333333333333,0.9166666666666667,0.8166666666666667,0.5785788536071778,0.017471885681152342
sqrt,1,0.599484,0.9,5,0.6733333333333332,0.09637888196533971,366,0.6333333333333333,0.75,0.55,0.6166666666666667,0.8166666666666667,0.5548004150390625,0.017587709426879882
sqrt,1,0.599484,0.9,10,0.7300000000000001,0.0635959467611297,110,0.7333333333333334,0.8333333333333333,0.6333333333333333,0.7166666666666667,0.7333333333333334,0.5554477214813233,0.018097734451293944
sqrt,1,0.599484,0.9,20,0.6233333333333333,0.08666666666666668,533,0.7333333333333334,0.6333333333333333,0.4666666666666667,0.6333333333333333,0.65,0.5643734455108642,0.01729693412780762
sqrt,1,0.599484,0.9,50,0.7766666666666666,0.07195677714974302,15,0.8166666666666667,0.8,0.6333333333333333,0.8166666666666667,0.8166666666666667,0.5665379047393799,0.01781620979309082
sqrt,1,2.15443,0.1,5,0.6733333333333333,0.08856886837057615,361,0.7333333333333334,0.75,0.6333333333333333,0.5166666666666667,0.7333333333333334,0.6148092746734619,0.01763944625854492
sqrt,1,2.15443,0.1,10,0.7366666666666667,0.11566234381931649,95,0.7333333333333334,0.6666666666666666,0.5666666666666667,0.9,0.8166666666666667,0.6165096759796143,0.017725706100463867
sqrt,1,2.15443,0.1,20,0.7333333333333334,0.09128709291752769,105,0.8166666666666667,0.7333333333333334,0.5666666666666667,0.8166666666666667,0.7333333333333334,0.6209405422210693,0.017700672149658203
sqrt,1,2.15443,0.1,50,0.7266666666666668,0.1565602475442317,138,0.8166666666666667,0.9,0.6333333333333333,0.8166666666666667,0.4666666666666667,0.6245140552520752,0.01742067337036133
sqrt,1,2.15443,0.3,5,0.74,0.06548960901462834,91,0.7166666666666667,0.8166666666666667,0.6333333333333333,0.8,0.7333333333333334,0.6508177757263184,0.01770634651184082
sqrt,1,2.15443,0.3,10,0.6966666666666667,0.0661647774709307,233,0.7333333333333334,0.75,0.5666666666666667,0.7166666666666667,0.7166666666666667,0.650882339477539,0.017707109451293945
sqrt,1,2.15443,0.3,20,0.7266666666666666,0.09752492558885194,149,0.8166666666666667,0.7166666666666667,0.55,0.8166666666666667,0.7333333333333334,0.654090690612793,0.01748819351196289
sqrt,1,2.15443,0.3,50,0.7433333333333333,0.08339997335464537,84,0.8166666666666667,0.8,0.6333333333333333,0.8166666666666667,0.65,0.6595879554748535,0.01770176887512207
sqrt,1,2.15443,0.5,5,0.6666666666666666,0.09888264649460882,379,0.7166666666666667,0.8166666666666667,0.6333333333333333,0.5166666666666667,0.65,0.6797318935394288,0.017530250549316406
sqrt,1,2.15443,0.5,10,0.7300000000000001,0.10077477638553979,110,0.7333333333333334,0.8333333333333333,0.55,0.7166666666666667,0.8166666666666667,0.6818663120269776,0.017803478240966796
sqrt,1,2.15443,0.5,20,0.7233333333333333,0.05830951894845301,169,0.7166666666666667,0.7166666666666667,0.6333333333333333,0.8166666666666667,0.7333333333333334,0.683603572845459,0.017345619201660157
sqrt,1,2.15443,0.5,50,0.7433333333333334,0.06879922480183431,79,0.8166666666666667,0.7166666666666667,0.6333333333333333,0.8166666666666667,0.7333333333333334,0.6875713348388672,0.017426538467407226
sqrt,1,2.15443,0.7,5,0.6333333333333334,0.10434983894999016,457,0.6333333333333333,0.65,0.55,0.5166666666666667,0.8166666666666667,0.7022918224334717,0.017409086227416992
sqrt,1,2.15443,0.7,10,0.6566666666666666,0.11671427600007726,401,0.7333333333333334,0.8333333333333333,0.55,0.5166666666666667,0.65,0.7095142364501953,0.01754932403564453
sqrt,1,2.15443,0.7,20,0.6900000000000001,0.11766241729815194,283,0.8166666666666667,0.7166666666666667,0.4666666666666667,0.7166666666666667,0.7333333333333334,0.7017785549163819,0.017788410186767578
sqrt,1,2.15443,0.7,50,0.7433333333333333,0.10143416036468626,84,0.7166666666666667,0.9,0.6333333333333333,0.8166666666666667,0.65,0.7029032230377197,0.017659091949462892
sqrt,1,2.15443,0.9,5,0.71,0.10252370999486465,198,0.6333333333333333,0.75,0.55,0.8,0.8166666666666667,0.7421861171722413,0.01794428825378418
sqrt,1,2.15443,0.9,10,0.6366666666666666,0.09030811456096044,455,0.7333333333333334,0.7333333333333334,0.55,0.5166666666666667,0.65,0.7473150730133057,0.017702388763427734
sqrt,1,2.15443,0.9,20,0.7066666666666667,0.06463573143221772,210,0.8166666666666667,0.7166666666666667,0.6333333333333333,0.7166666666666667,0.65,0.7504671573638916,0.017364072799682616
sqrt,1,2.15443,0.9,50,0.76,0.07423685817106697,37,0.8166666666666667,0.7166666666666667,0.6333333333333333,0.8166666666666667,0.8166666666666667,0.757344102859497,0.017305469512939452
sqrt,1,7.74264,0.1,5,0.66,0.10198039027185568,387,0.55,0.75,0.55,0.8,0.65,0.6515081882476806,0.017684745788574218
sqrt,1,7.74264,0.1,10,0.6799999999999999,0.061824123303304716,330,0.7333333333333334,0.6666666666666666,0.5666666666666667,0.7,0.7333333333333334,0.6536643981933594,0.01734776496887207
sqrt,1,7.74264,0.1,20,0.7633333333333333,0.15398412616601465,30,0.8166666666666667,0.9166666666666667,0.4666666666666667,0.8,0.8166666666666667,0.6548652172088623,0.01763601303100586
sqrt,1,7.74264,0.1,50,0.7466666666666666,0.08589399151150083,71,0.8166666666666667,0.8166666666666667,0.6333333333333333,0.8166666666666667,0.65,0.6613270282745362,0.017494869232177735
sqrt,1,7.74264,0.3,5,0.6533333333333333,0.0339934634239519,422,0.7166666666666667,0.65,0.6333333333333333,0.6166666666666667,0.65,0.8220768451690674,0.018024539947509764
sqrt,1,7.74264,0.3,10,0.7366666666666667,0.11566234381931649,95,0.7333333333333334,0.6666666666666666,0.5666666666666667,0.9,0.8166666666666667,0.8253943443298339,0.017369461059570313
sqrt,1,7.74264,0.3,20,0.7266666666666668,0.058309518948453015,138,0.7333333333333334,0.7166666666666667,0.6333333333333333,0.8166666666666667,0.7333333333333334,0.8213116645812988,0.017569541931152344
sqrt,1,7.74264,0.3,50,0.71,0.0992191737742481,198,0.8166666666666667,0.7166666666666667,0.6333333333333333,0.8166666666666667,0.5666666666666667,0.8262298107147217,0.017917537689208986
sqrt,1,7.74264,0.5,5,0.7233333333333334,0.07498147919467996,162,0.7166666666666667,0.8166666666666667,0.6333333333333333,0.8,0.65,0.8638006210327148,0.01769571304321289
sqrt,1,7.74264,0.5,10,0.7133333333333333,0.08844332774281065,180,0.7333333333333334,0.75,0.55,0.7166666666666667,0.8166666666666667,0.8646358013153076,0.01759166717529297
sqrt,1,7.74264,0.5,20,0.7433333333333334,0.06879922480183431,79,0.7333333333333334,0.7166666666666667,0.6333333333333333,0.8166666666666667,0.8166666666666667,0.8691808700561523,0.017779064178466798
sqrt,1,7.74264,0.5,50,0.7466666666666667,0.09797958971132713,47,0.8166666666666667,0.8166666666666667,0.7166666666666667,0.8166666666666667,0.5666666666666667,0.8762990951538085,0.017531394958496094
sqrt,1,7.74264,0.7,5,0.7066666666666666,0.08339997335464537,221,0.6333333333333333,0.8166666666666667,0.6333333333333333,0.8,0.65,0.9443171977996826,0.017634248733520506
sqrt,1,7.74264,0.7,10,0.7100000000000001,0.0910433352249844,193,0.7333333333333334,0.8333333333333333,0.55,0.7166666666666667,0.7166666666666667,0.9461098670959472,0.017371988296508788
sqrt,1,7.74264,0.7,20,0.7266666666666666,0.09752492558885194,149,0.8166666666666667,0.7166666666666667,0.55,0.8166666666666667,0.7333333333333334,0.9456698417663574,0.01768651008605957
sqrt,1,7.74264,0.7,50,0.7433333333333333,0.06463573143221771,84,0.7166666666666667,0.8166666666666667,0.7166666666666667,0.8166666666666667,0.65,0.9525261402130127,0.017621612548828124
sqrt,1,7.74264,0.9,5,0.6166666666666666,0.12156388352540311,542,0.4666666666666667,0.8166666666666667,0.6333333333333333,0.5166666666666667,0.65,0.9587821960449219,0.017539262771606445
sqrt,1,7.74264,0.9,10,0.7066666666666667,0.0910433352249844,210,0.7333333333333334,0.8333333333333333,0.55,0.7,0.7166666666666667,0.9516541004180908,0.0176027774810791
sqrt,1,7.74264,0.9,20,0.7299999999999999,0.09153020145163987,127,0.8166666666666667,0.7166666666666667,0.5666666666666667,0.8166666666666667,0.7333333333333334,0.9542224407196045,0.01748967170715332
sqrt,1,7.74264,0.9,50,0.7433333333333334,0.06879922480183431,79,0.7166666666666667,0.8166666666666667,0.6333333333333333,0.8166666666666667,0.7333333333333334,0.9566804885864257,0.01754031181335449
sqrt,1,27.8256,0.1,5,0.5866666666666667,0.10666666666666666,633,0.55,0.75,0.55,0.43333333333333335,0.65,0.6534090042114258,0.01769576072692871
sqrt,1,27.8256,0.1,10,0.6933333333333334,0.0934523051258412,246,0.8333333333333333,0.65,0.55,0.7,0.7333333333333334,0.6554314136505127,0.017489910125732422
sqrt,1,27.8256,0.1,20,0.7366666666666666,0.16713268182295565,103,0.9166666666666667,0.75,0.4666666666666667,0.9,0.65,0.6589598178863525,0.01783275604248047
sqrt,1,27.8256,0.1,50,0.7466666666666667,0.12534397117975446,47,0.8166666666666667,0.9,0.6333333333333333,0.8166666666666667,0.5666666666666667,0.6613605499267579,0.017496347427368164
sqrt,1,27.8256,0.3,5,0.66,0.10198039027185568,387,0.55,0.75,0.55,0.8,0.65,0.7736666679382325,0.0176755428314209
sqrt,1,27.8256,0.3,10,0.6799999999999999,0.061824123303304716,330,0.7333333333333334,0.6666666666666666,0.5666666666666667,0.7,0.7333333333333334,0.7741732120513916,0.017746639251708985
sqrt,1,27.8256,0.3,20,0.7300000000000001,0.13597385369580758,110,0.8166666666666667,0.8333333333333333,0.4666666666666667,0.8,0.7333333333333334,0.7776822090148926,0.017527389526367187
sqrt,1,27.8256,0.3,50,0.7266666666666666,0.10572501018102472,149,0.8166666666666667,0.8,0.6333333333333333,0.8166666666666667,0.5666666666666667,0.7847315788269043,0.01754584312438965
sqrt,1,27.8256,0.5,5,0.64,0.08666666666666666,449,0.55,0.75,0.55,0.6166666666666667,0.7333333333333334,0.9314053535461426,0.01739802360534668
sqrt,1,27.8256,0.5,10,0.7366666666666667,0.11566234381931649,95,0.7333333333333334,0.6666666666666666,0.5666666666666667,0.9,0.8166666666666667,0.9340336322784424,0.01745758056640625
sqrt,1,27.8256,0.5,20,0.7633333333333333,0.0865383665716478,30,0.8166666666666667,0.7166666666666667,0.65,0.9,0.7333333333333334,0.9358922004699707,0.017838239669799805
sqrt,1,27.8256,0.5,50,0.7266666666666666,0.12046207333061769,149,0.7166666666666667,0.9,0.6333333333333333,0.8166666666666667,0.5666666666666667,0.9432655811309815,0.017562341690063477
sqrt,1,27.8256,0.7,5,0.6733333333333333,0.07272474743090476,361,0.8166666666666667,0.65,0.6333333333333333,0.6166666666666667,0.65,1.0007163047790528,0.017392778396606447
sqrt,1,27.8256,0.7,10,0.7866666666666667,0.1279756921363498,3,0.7333333333333334,0.9166666666666667,0.5666666666666667,0.9,0.8166666666666667,1.0069921016693115,0.017592859268188477
sqrt,1,27.8256,0.7,20,0.7466666666666667,0.0635959467611297,47,0.8166666666666667,0.7166666666666667,0.65,0.8166666666666667,0.7333333333333334,1.005522108078003,0.017720127105712892
sqrt,1,27.8256,0.7,50,0.71,0.0992191737742481,198,0.8166666666666667,0.7166666666666667,0.6333333333333333,0.8166666666666667,0.5666666666666667,1.0104660034179687,0.01737046241760254
sqrt,1,27.8256,0.9,5,0.6966666666666667,0.06944222218666553,233,0.8166666666666667,0.65,0.6333333333333333,0.7333333333333334,0.65,1.0392578125,0.017705535888671874
sqrt,1,27.8256,0.9,10,0.7866666666666667,0.1279756921363498,3,0.7333333333333334,0.9166666666666667,0.5666666666666667,0.9,0.8166666666666667,1.0445277690887451,0.017526769638061525
sqrt,1,27.8256,0.9,20,0.7666666666666666,0.04082482904638626,22,0.7333333333333334,0.8166666666666667,0.7333333333333334,0.8166666666666667,0.7333333333333334,1.029456663131714,0.017560768127441406
sqrt,1,27.8256,0.9,50,0.7633333333333334,0.10402991022884824,27,0.8166666666666667,0.9,0.6333333333333333,0.8166666666666667,0.65,1.036293888092041,0.017521762847900392
sqrt,1,100.0,0.1,5,0.5666666666666667,0.08027729719194864,750,0.55,0.65,0.55,0.43333333333333335,0.65,0.7079414844512939,0.017528343200683593
sqrt,1,100.0,0.1,10,0.6566666666666666,0.07644896627453145,401,0.75,0.65,0.55,0.6,0.7333333333333334,0.7086143493652344,0.01757969856262207
sqrt,1,100.0,0.1,20,0.7133333333333334,0.10561986345169902,175,0.8166666666666667,0.8333333333333333,0.55,0.7166666666666667,0.65,0.722624397277832,0.01761312484741211
sqrt,1,100.0,0.1,50,0.7466666666666667,0.12534397117975446,47,0.8166666666666667,0.9,0.6333333333333333,0.8166666666666667,0.5666666666666667,0.7147199153900147,0.019092893600463866
sqrt,1,100.0,0.3,5,0.5866666666666667,0.10666666666666666,633,0.55,0.75,0.55,0.43333333333333335,0.65,0.7074463367462158,0.017439842224121094
sqrt,1,100.0,0.3,10,0.6566666666666666,0.07644896627453145,401,0.75,0.65,0.55,0.6,0.7333333333333334,0.7071742534637451,0.01752786636352539
sqrt,1,100.0,0.3,20,0.7166666666666666,0.14944341180973264,174,0.8166666666666667,0.75,0.4666666666666667,0.9,0.65,0.7112945556640625,0.01749701499938965
sqrt,1,100.0,0.3,50,0.7299999999999999,0.10821788720498618,127,0.8166666666666667,0.8166666666666667,0.6333333333333333,0.8166666666666667,0.5666666666666667,0.7223990440368653,0.0176546573638916
sqrt,1,100.0,0.5,5,0.5866666666666667,0.10666666666666666,633,0.55,0.75,0.55,0.43333333333333335,0.65,0.7215892791748046,0.01772303581237793
sqrt,1,100.0,0.5,10,0.6966666666666667,0.1175679472569893,233,0.8333333333333333,0.5666666666666667,0.55,0.8,0.7333333333333334,0.7202883720397949,0.017545080184936522
sqrt,1,100.0,0.5,20,0.6933333333333334,0.12762793146051096,246,0.8166666666666667,0.65,0.4666666666666667,0.8,0.7333333333333334,0.7278375148773193,0.017885541915893553
sqrt,1,100.0,0.5,50,0.7299999999999999,0.10821788720498618,127,0.8166666666666667,0.8166666666666667,0.6333333333333333,0.8166666666666667,0.5666666666666667,0.7311209678649903,0.01750955581665039
sqrt,1,100.0,0.7,5,0.66,0.10198039027185568,387,0.55,0.75,0.55,0.8,0.65,0.7501023292541504,0.017643260955810546
sqrt,1,100.0,0.7,10,0.6766666666666667,0.0997775303139718,335,0.7333333333333334,0.5666666666666667,0.55,0.8,0.7333333333333334,0.7495611667633056,0.017382335662841798
sqrt,1,100.0,0.7,20,0.7266666666666668,0.1335830993967592,138,0.8166666666666667,0.8166666666666667,0.4666666666666667,0.8,0.7333333333333334,0.7483006477355957,0.017389202117919923
sqrt,1,100.0,0.7,50,0.7466666666666667,0.12534397117975446,47,0.8166666666666667,0.9,0.6333333333333333,0.8166666666666667,0.5666666666666667,0.7565900802612304,0.0175384521484375
sqrt,1,100.0,0.9,5,0.66,0.10198039027185568,387,0.55,0.75,0.55,0.8,0.65,0.832396125793457,0.017351150512695312
sqrt,1,100.0,0.9,10,0.72,0.09568466729604881,171,0.8333333333333333,0.6666666666666666,0.5666666666666667,0.8,0.7333333333333334,0.8263375282287597,0.01749281883239746
sqrt,1,100.0,0.9,20,0.7300000000000001,0.13597385369580758,110,0.8166666666666667,0.8333333333333333,0.4666666666666667,0.8,0.7333333333333334,0.8196848869323731,0.017467737197875977
sqrt,1,100.0,0.9,50,0.7266666666666666,0.10572501018102472,149,0.8166666666666667,0.8,0.6333333333333333,0.8166666666666667,0.5666666666666667,0.8278179168701172,0.017971515655517578
sqrt,5,0.001,0.1,5,0.5700000000000001,0.059066817155564486,679,0.6333333333333333,0.6166666666666667,0.5166666666666667,0.6,0.48333333333333334,0.39205222129821776,0.01736416816711426
sqrt,5,0.001,0.1,10,0.5700000000000001,0.059066817155564486,679,0.6333333333333333,0.6166666666666667,0.5166666666666667,0.6,0.48333333333333334,0.3923361301422119,0.017434167861938476
sqrt,5,0.001,0.1,20,0.6266666666666666,0.07348469228349531,512,0.65,0.7,0.7,0.5166666666666667,0.5666666666666667,0.39522743225097656,0.017227029800415038
sqrt,5,0.001,0.1,50,0.6333333333333334,0.13944333775567927,457,0.4666666666666667,0.8,0.7166666666666667,0.7166666666666667,0.4666666666666667,0.40013895034790037,0.017483997344970702
sqrt,5,0.001,0.3,5,0.5700000000000001,0.059066817155564486,679,0.6333333333333333,0.6166666666666667,0.5166666666666667,0.6,0.48333333333333334,0.39133009910583494,0.01728978157043457
sqrt,5,0.001,0.3,10,0.5700000000000001,0.059066817155564486,679,0.6333333333333333,0.6166666666666667,0.5166666666666667,0.6,0.48333333333333334,0.39720683097839354,0.01726555824279785
sqrt,5,0.001,0.3,20,0.6266666666666666,0.07348469228349531,512,0.65,0.7,0.7,0.5166666666666667,0.5666666666666667,0.3944131374359131,0.017626333236694335
sqrt,5,0.001,0.3,50,0.6333333333333334,0.13944333775567927,457,0.4666666666666667,0.8,0.7166666666666667,0.7166666666666667,0.4666666666666667,0.39852452278137207,0.017066144943237306
sqrt,5,0.001,0.5,5,0.5700000000000001,0.059066817155564486,679,0.6333333333333333,0.6166666666666667,0.5166666666666667,0.6,0.48333333333333334,0.3901573657989502,0.01709260940551758
sqrt,5,0.001,0.5,10,0.5700000000000001,0.059066817155564486,679,0.6333333333333333,0.6166666666666667,0.5166666666666667,0.6,0.48333333333333334,0.39170041084289553,0.01730771064758301
sqrt,5,0.001,0.5,20,0.6266666666666666,0.07348469228349531,512,0.65,0.7,0.7,0.5166666666666667,0.5666666666666667,0.39392681121826173,0.017771387100219728
sqrt,5,0.001,0.5,50,0.6333333333333334,0.13944333775567927,457,0.4666666666666667,0.8,0.7166666666666667,0.7166666666666667,0.4666666666666667,0.39905571937561035,0.01748347282409668
sqrt,5,0.001,0.7,5,0.5700000000000001,0.059066817155564486,679,0.6333333333333333,0.6166666666666667,0.5166666666666667,0.6,0.48333333333333334,0.39063663482666017,0.017133283615112304
sqrt,5,0.001,0.7,10,0.5700000000000001,0.059066817155564486,679,0.6333333333333333,0.6166666666666667,0.5166666666666667,0.6,0.48333333333333334,0.3926246643066406,0.017069292068481446
sqrt,5,0.001,0.7,20,0.6266666666666666,0.07348469228349531,512,0.65,0.7,0.7,0.5166666666666667,0.5666666666666667,0.3937476634979248,0.017433738708496092
sqrt,5,0.001,0.7,50,0.6333333333333334,0.13944333775567927,457,0.4666666666666667,0.8,0.7166666666666667,0.7166666666666667,0.4666666666666667,0.39832324981689454,0.017192649841308593
sqrt,5,0.001,0.9,5,0.5700000000000001,0.059066817155564486,679,0.6333333333333333,0.6166666666666667,0.5166666666666667,0.6,0.48333333333333334,0.39168272018432615,0.017329883575439454
sqrt,5,0.001,0.9,10,0.5700000000000001,0.059066817155564486,679,0.6333333333333333,0.6166666666666667,0.5166666666666667,0.6,0.48333333333333334,0.39852657318115237,0.01723823547363281
sqrt,5,0.001,0.9,20,0.6266666666666666,0.07348469228349531,512,0.65,0.7,0.7,0.5166666666666667,0.5666666666666667,0.40042867660522463,0.01774449348449707
sqrt,5,0.001,0.9,50,0.6333333333333334,0.13944333775567927,457,0.4666666666666667,0.8,0.7166666666666667,0.7166666666666667,0.4666666666666667,0.39713563919067385,0.01760411262512207
sqrt,5,0.00359381,0.1,5,0.5700000000000001,0.059066817155564486,679,0.6333333333333333,0.6166666666666667,0.5166666666666667,0.6,0.48333333333333334,0.3926112174987793,0.017145586013793946
sqrt,5,0.00359381,0.1,10,0.5700000000000001,0.059066817155564486,679,0.6333333333333333,0.6166666666666667,0.5166666666666667,0.6,0.48333333333333334,0.39261960983276367,0.017035388946533205
sqrt,5,0.00359381,0.1,20,0.6266666666666666,0.07348469228349531,512,0.65,0.7,0.7,0.5166666666666667,0.5666666666666667,0.3952751159667969,0.01708645820617676
sqrt,5,0.00359381,0.1,50,0.6333333333333334,0.13944333775567927,457,0.4666666666666667,0.8,0.7166666666666667,0.7166666666666667,0.4666666666666667,0.3983437538146973,0.017571783065795897
sqrt,5,0.00359381,0.3,5,0.5700000000000001,0.059066817155564486,679,0.6333333333333333,0.6166666666666667,0.5166666666666667,0.6,0.48333333333333334,0.39103236198425295,0.017292261123657227
sqrt,5,0.00359381,0.3,10,0.5700000000000001,0.059066817155564486,679,0.6333333333333333,0.6166666666666667,0.5166666666666667,0.6,0.48333333333333334,0.3903660774230957,0.017128610610961915
sqrt,5,0.00359381,0.3,20,0.6266666666666666,0.07348469228349531,512,0.65,0.7,0.7,0.5166666666666667,0.5666666666666667,0.39702210426330564,0.017290925979614256
sqrt,5,0.00359381,0.3,50,0.6333333333333334,0.13944333775567927,457,0.4666666666666667,0.8,0.7166666666666667,0.7166666666666667,0.4666666666666667,0.39812707901000977,0.017536211013793945
sqrt,5,0.00359381,0.5,5,0.5700000000000001,0.059066817155564486,679,0.6333333333333333,0.6166666666666667,0.5166666666666667,0.6,0.48333333333333334,0.40369348526000975,0.01717677116394043
sqrt,5,0.00359381,0.5,10,0.5700000000000001,0.059066817155564486,679,0.6333333333333333,0.6166666666666667,0.5166666666666667,0.6,0.48333333333333334,0.3934609889984131,0.01768341064453125
sqrt,5,0.00359381,0.5,20,0.6266666666666666,0.07348469228349531,512,0.65,0.7,0.7,0.5166666666666667,0.5666666666666667,0.395570707321167,0.017273569107055665
sqrt,5,0.00359381,0.5,50,0.6333333333333334,0.13944333775567927,457,0.4666666666666667,0.8,0.7166666666666667,0.7166666666666667,0.4666666666666667,0.39989442825317384,0.017322731018066407
sqrt,5,0.00359381,0.7,5,0.5700000000000001,0.059066817155564486,679,0.6333333333333333,0.6166666666666667,0.5166666666666667,0.6,0.48333333333333334,0.39391021728515624,0.01710367202758789
sqrt,5,0.00359381,0.7,10,0.5700000000000001,0.059066817155564486,679,0.6333333333333333,0.6166666666666667,0.5166666666666667,0.6,0.48333333333333334,0.3923455238342285,0.017261171340942384
sqrt,5,0.00359381,0.7,20,0.6266666666666666,0.07348469228349531,512,0.65,0.7,0.7,0.5166666666666667,0.5666666666666667,0.39575848579406736,0.017400026321411133
sqrt,5,0.00359381,0.7,50,0.6333333333333334,0.13944333775567927,457,0.4666666666666667,0.8,0.7166666666666667,0.7166666666666667,0.4666666666666667,0.40122408866882325,0.017517852783203124
sqrt,5,0.00359381,0.9,5,0.5700000000000001,0.059066817155564486,679,0.6333333333333333,0.6166666666666667,0.5166666666666667,0.6,0.48333333333333334,0.3935997486114502,0.017391490936279296
sqrt,5,0.00359381,0.9,10,0.5700000000000001,0.059066817155564486,679,0.6333333333333333,0.6166666666666667,0.5166666666666667,0.6,0.48333333333333334,0.3924838066101074,0.01750316619873047
sqrt,5,0.00359381,0.9,20,0.6266666666666666,0.07348469228349531,512,0.65,0.7,0.7,0.5166666666666667,0.5666666666666667,0.3947025775909424,0.017435646057128905
sqrt,5,0.00359381,0.9,50,0.6333333333333334,0.13944333775567927,457,0.4666666666666667,0.8,0.7166666666666667,0.7166666666666667,0.4666666666666667,0.40021700859069825,0.017389774322509766
sqrt,5,0.0129155,0.1,5,0.5666666666666667,0.10903618155864084,750,0.7333333333333334,0.5666666666666667,0.45,0.45,0.6333333333333333,0.4005581855773926,0.017445087432861328
sqrt,5,0.0129155,0.1,10,0.6566666666666666,0.09043106644167026,401,0.7166666666666667,0.8,0.5666666666666667,0.6333333333333333,0.5666666666666667,0.4017801284790039,0.01717667579650879
sqrt,5,0.0129155,0.1,20,0.7533333333333332,0.15107025591499545,42,0.7166666666666667,1.0,0.5666666666666667,0.8333333333333333,0.65,0.404857873916626,0.01732044219970703
sqrt,5,0.0129155,0.1,50,0.7466666666666667,0.1161416759345623,47,0.7333333333333334,0.9,0.55,0.8166666666666667,0.7333333333333334,0.4091801166534424,0.01745915412902832
sqrt,5,0.0129155,0.3,5,0.5700000000000001,0.059066817155564486,679,0.6333333333333333,0.6166666666666667,0.5166666666666667,0.6,0.48333333333333334,0.3919706344604492,0.017363357543945312
sqrt,5,0.0129155,0.3,10,0.5700000000000001,0.059066817155564486,679,0.6333333333333333,0.6166666666666667,0.5166666666666667,0.6,0.48333333333333334,0.393283748626709,0.01731257438659668
sqrt,5,0.0129155,0.3,20,0.6266666666666666,0.07348469228349531,512,0.65,0.7,0.7,0.5166666666666667,0.5666666666666667,0.3981478214263916,0.017123699188232422
sqrt,5,0.0129155,0.3,50,0.6333333333333334,0.13944333775567927,457,0.4666666666666667,0.8,0.7166666666666667,0.7166666666666667,0.4666666666666667,0.3998850345611572,0.017606163024902345
sqrt,5,0.0129155,0.5,5,0.5700000000000001,0.059066817155564486,679,0.6333333333333333,0.6166666666666667,0.5166666666666667,0.6,0.48333333333333334,0.39143643379211424,0.017102479934692383
sqrt,5,0.0129155,0.5,10,0.5700000000000001,0.059066817155564486,679,0.6333333333333333,0.6166666666666667,0.5166666666666667,0.6,0.48333333333333334,0.39350380897521975,0.017151021957397462
sqrt,5,0.0129155,0.5,20,0.6266666666666666,0.07348469228349531,512,0.65,0.7,0.7,0.5166666666666667,0.5666666666666667,0.39552459716796873,0.01743936538696289
sqrt,5,0.0129155,0.5,50,0.6333333333333334,0.13944333775567927,457,0.4666666666666667,0.8,0.7166666666666667,0.7166666666666667,0.4666666666666667,0.399339485168457,0.017219972610473634
sqrt,5,0.0129155,0.7,5,0.5700000000000001,0.059066817155564486,679,0.6333333333333333,0.6166666666666667,0.5166666666666667,0.6,0.48333333333333334,0.39653215408325193,0.017563629150390624
sqrt,5,0.0129155,0.7,10,0.5700000000000001,0.059066817155564486,679,0.6333333333333333,0.6166666666666667,0.5166666666666667,0.6,0.48333333333333334,0.392168664932251,0.017207527160644533
sqrt,5,0.0129155,0.7,20,0.6266666666666666,0.07348469228349531,512,0.65,0.7,0.7,0.5166666666666667,0.5666666666666667,0.3953685760498047,0.017255353927612304
sqrt,5,0.0129155,0.7,50,0.6333333333333334,0.13944333775567927,457,0.4666666666666667,0.8,0.7166666666666667,0.7166666666666667,0.4666666666666667,0.3996720314025879,0.017679262161254882
sqrt,5,0.0129155,0.9,5,0.5700000000000001,0.059066817155564486,679,0.6333333333333333,0.6166666666666667,0.5166666666666667,0.6,0.48333333333333334,0.39152913093566893,0.017422914505004883
sqrt,5,0.0129155,0.9,10,0.5700000000000001,0.059066817155564486,679,0.6333333333333333,0.6166666666666667,0.5166666666666667,0.6,0.48333333333333334,0.39412903785705566,0.017492341995239257
sqrt,5,0.0129155,0.9,20,0.6266666666666666,0.07348469228349531,512,0.65,0.7,0.7,0.5166666666666667,0.5666666666666667,0.39661235809326173,0.017858314514160156
sqrt,5,0.0129155,0.9,50,0.6333333333333334,0.13944333775567927,457,0.4666666666666667,0.8,0.7166666666666667,0.7166666666666667,0.4666666666666667,0.4010306835174561,0.017510604858398438
sqrt,5,0.0464159,0.1,5,0.58,0.09741092797468306,654,0.7333333333333334,0.5666666666666667,0.45,0.5166666666666667,0.6333333333333333,0.41216325759887695,0.01748628616333008
sqrt,5,0.0464159,0.1,10,0.6266666666666666,0.0992191737742481,512,0.8166666666666667,0.5666666666666667,0.5666666666666667,0.6333333333333333,0.55,0.4139589309692383,0.017315435409545898
sqrt,5,0.0464159,0.1,20,0.7266666666666666,0.12762793146051096,149,0.7166666666666667,0.9,0.6333333333333333,0.8333333333333333,0.55,0.41467838287353515,0.017521476745605467
sqrt,5,0.0464159,0.1,50,0.6933333333333332,0.07195677714974302,275,0.6333333333333333,0.8166666666666667,0.6333333333333333,0.7333333333333334,0.65,0.4191701412200928,0.017771244049072266
sqrt,5,0.0464159,0.3,5,0.6,0.0924962461700774,578,0.7333333333333334,0.5666666666666667,0.45,0.6166666666666667,0.6333333333333333,0.4131366729736328,0.01736173629760742
sqrt,5,0.0464159,0.3,10,0.6566666666666666,0.0997775303139718,401,0.8,0.65,0.5666666666666667,0.5333333333333333,0.7333333333333334,0.4147902488708496,0.017753410339355468
sqrt,5,0.0464159,0.3,20,0.64,0.08339997335464537,449,0.5333333333333333,0.7166666666666667,0.5666666666666667,0.6333333333333333,0.75,0.41740880012512205,0.01762499809265137
sqrt,5,0.0464159,0.3,50,0.7666666666666666,0.0752772652709081,22,0.7333333333333334,0.8166666666666667,0.6333333333333333,0.8166666666666667,0.8333333333333333,0.4187351703643799,0.017342376708984374
sqrt,5,0.0464159,0.5,5,0.5566666666666666,0.1470449666674185,764,0.6333333333333333,0.6166666666666667,0.45,0.3333333333333333,0.75,0.40648040771484373,0.017235612869262694
sqrt,5,0.0464159,0.5,10,0.5966666666666667,0.08259674462242578,583,0.5333333333333333,0.6166666666666667,0.55,0.5333333333333333,0.75,0.4064335346221924,0.017646980285644532
sqrt,5,0.0464159,0.5,20,0.5966666666666666,0.0956846672960488,586,0.43333333333333335,0.7,0.55,0.6333333333333333,0.6666666666666666,0.4098207950592041,0.01738400459289551
sqrt,5,0.0464159,0.5,50,0.7066666666666668,0.10143416036468626,207,0.8166666666666667,0.8,0.55,0.6333333333333333,0.7333333333333334,0.4123268127441406,0.017324352264404298
sqrt,5,0.0464159,0.7,5,0.5700000000000001,0.059066817155564486,679,0.6333333333333333,0.6166666666666667,0.5166666666666667,0.6,0.48333333333333334,0.3964540004730225,0.017178106307983398
sqrt,5,0.0464159,0.7,10,0.5700000000000001,0.059066817155564486,679,0.6333333333333333,0.6166666666666667,0.5166666666666667,0.6,0.48333333333333334,0.39608311653137207,0.01730809211730957
sqrt,5,0.0464159,0.7,20,0.6266666666666666,0.07348469228349531,512,0.65,0.7,0.7,0.5166666666666667,0.5666666666666667,0.39743456840515134,0.017401361465454103
sqrt,5,0.0464159,0.7,50,0.6333333333333334,0.13944333775567927,457,0.4666666666666667,0.8,0.7166666666666667,0.7166666666666667,0.4666666666666667,0.4007702350616455,0.01748371124267578
sqrt,5,0.0464159,0.9,5,0.5700000000000001,0.059066817155564486,679,0.6333333333333333,0.6166666666666667,0.5166666666666667,0.6,0.48333333333333334,0.3948737621307373,0.017796850204467772
sqrt,5,0.0464159,0.9,10,0.5700000000000001,0.059066817155564486,679,0.6333333333333333,0.6166666666666667,0.5166666666666667,0.6,0.48333333333333334,0.39500651359558103,0.01726393699645996
sqrt,5,0.0464159,0.9,20,0.6266666666666666,0.07348469228349531,512,0.65,0.7,0.7,0.5166666666666667,0.5666666666666667,0.3965291976928711,0.01744384765625
sqrt,5,0.0464159,0.9,50,0.6333333333333334,0.13944333775567927,457,0.4666666666666667,0.8,0.7166666666666667,0.7166666666666667,0.4666666666666667,0.40147862434387205,0.017553234100341798
sqrt,5,0.16681,0.1,5,0.65,0.09545214042184237,433,0.6666666666666666,0.6666666666666666,0.4666666666666667,0.7166666666666667,0.7333333333333334,0.43758697509765626,0.01741499900817871
sqrt,5,0.16681,0.1,10,0.6300000000000001,0.061824123303304716,478,0.65,0.5666666666666667,0.5666666666666667,0.6333333333333333,0.7333333333333334,0.44170293807983396,0.01723017692565918
sqrt,5,0.16681,0.1,20,0.7099999999999999,0.09404490653110589,205,0.6333333333333333,0.8166666666666667,0.6333333333333333,0.8333333333333333,0.6333333333333333,0.4420008659362793,0.01722126007080078
sqrt,5,0.16681,0.1,50,0.7433333333333333,0.10143416036468626,84,0.7166666666666667,0.9,0.6333333333333333,0.8166666666666667,0.65,0.4442736625671387,0.017292499542236328
sqrt,5,0.16681,0.3,5,0.5833333333333333,0.12018504251546631,648,0.7333333333333334,0.6666666666666666,0.45,0.43333333333333335,0.6333333333333333,0.44714694023132323,0.01720438003540039
sqrt,5,0.16681,0.3,10,0.6266666666666667,0.05637178175095922,499,0.65,0.5666666666666667,0.5666666666666667,0.7166666666666667,0.6333333333333333,0.4479215621948242,0.017387962341308592
sqrt,5,0.16681,0.3,20,0.6933333333333332,0.11860297916438131,275,0.6333333333333333,0.9,0.55,0.7333333333333334,0.65,0.4485620498657227,0.017757892608642578
sqrt,5,0.16681,0.3,50,0.6933333333333331,0.11623730516108462,281,0.7166666666666667,0.8166666666666667,0.55,0.8166666666666667,0.5666666666666667,0.45142130851745604,0.01723165512084961
sqrt,5,0.16681,0.5,5,0.6266666666666667,0.16418147141366332,499,0.8166666666666667,0.8,0.45,0.43333333333333335,0.6333333333333333,0.4517977714538574,0.017685127258300782
sqrt,5,0.16681,0.5,10,0.6166666666666666,0.07149203529842407,542,0.7333333333333334,0.6333333333333333,0.6333333333333333,0.5333333333333333,0.55,0.4483199596405029,0.017286920547485353
sqrt,5,0.16681,0.5,20,0.6233333333333333,0.11430952132988165,533,0.6333333333333333,0.8166666666666667,0.4666666666666667,0.6333333333333333,0.5666666666666667,0.4531768798828125,0.01739358901977539
sqrt,5,0.16681,0.5,50,0.7266666666666667,0.11085526098877262,142,0.6333333333333333,0.9,0.6333333333333333,0.8166666666666667,0.65,0.4525259017944336,0.017394113540649413
sqrt,5,0.16681,0.7,5,0.6166666666666666,0.10954451150103323,542,0.7166666666666667,0.75,0.45,0.6166666666666667,0.55,0.4478614807128906,0.017482185363769533
sqrt,5,0.16681,0.7,10,0.65,0.07149203529842407,433,0.7333333333333334,0.7166666666666667,0.6333333333333333,0.5333333333333333,0.6333333333333333,0.4500709056854248,0.01732182502746582
sqrt,5,0.16681,0.7,20,0.6666666666666666,0.08232726023485645,379,0.7,0.8,0.55,0.6333333333333333,0.65,0.4542679309844971,0.01730008125305176
sqrt,5,0.16681,0.7,50,0.7399999999999999,0.13523641850067197,94,0.5333333333333333,0.9,0.6333333333333333,0.8166666666666667,0.8166666666666667,0.4556166648864746,0.017591190338134766
sqrt,5,0.16681,0.9,5,0.65,0.14643921757659195,433,0.8333333333333333,0.8,0.45,0.6166666666666667,0.55,0.4397600173950195,0.017269039154052736
sqrt,5,0.16681,0.9,10,0.5700000000000001,0.1132352516764202,679,0.7166666666666667,0.65,0.5666666666666667,0.5333333333333333,0.3833333333333333,0.442672061920166,0.01716580390930176
sqrt,5,0.16681,0.9,20,0.6633333333333333,0.06863753427324669,385,0.6333333333333333,0.7333333333333334,0.5666666666666667,0.6333333333333333,0.75,0.44438562393188474,0.017330694198608398
sqrt,5,0.16681,0.9,50,0.76,0.07423685817106697,37,0.8166666666666667,0.7166666666666667,0.6333333333333333,0.8166666666666667,0.8166666666666667,0.4471094608306885,0.017290163040161132
sqrt,5,0.599484,0.1,5,0.5666666666666667,0.06912147117775906,750,0.6333333333333333,0.5666666666666667,0.4666666666666667,0.5166666666666667,0.65,0.49956645965576174,0.017146921157836913
sqrt,5,0.599484,0.1,10,0.5666666666666667,0.09660917830792962,750,0.43333333333333335,0.5666666666666667,0.5666666666666667,0.5333333333333333,0.7333333333333334,0.5001686096191407,0.017598295211791994
sqrt,5,0.599484,0.1,20,0.6766666666666666,0.1474222959166399,337,0.6333333333333333,0.7333333333333334,0.4666666666666667,0.9166666666666667,0.6333333333333333,0.5040923595428467,0.017287254333496094
sqrt,5,0.599484,0.1,50,0.6933333333333334,0.16418147141366335,246,0.6333333333333333,1.0,0.55,0.7166666666666667,0.5666666666666667,0.5047129631042481,0.0173494815826416
sqrt,5,0.599484,0.3,5,0.6366666666666667,0.09451631252505217,454,0.6333333333333333,0.6333333333333333,0.4666666666666667,0.7166666666666667,0.7333333333333334,0.5145564079284668,0.017247819900512697
sqrt,5,0.599484,0.3,10,0.6466666666666667,0.04876246279442598,440,0.65,0.6666666666666666,0.5666666666666667,0.7166666666666667,0.6333333333333333,0.5157606601715088,0.017182064056396485
sqrt,5,0.599484,0.3,20,0.6966666666666667,0.11944315244779279,233,0.7333333333333334,0.8166666666666667,0.4666666666666667,0.7333333333333334,0.7333333333333334,0.5159519195556641,0.017524290084838866
sqrt,5,0.599484,0.3,50,0.7466666666666667,0.151803967156476,47,0.7166666666666667,1.0,0.6333333333333333,0.8166666666666667,0.5666666666666667,0.5189186096191406,0.017428112030029298
sqrt,5,0.599484,0.5,5,0.5933333333333334,0.0992191737742481,587,0.6333333333333333,0.6333333333333333,0.45,0.5166666666666667,0.7333333333333334,0.5315494060516357,0.017378854751586913
sqrt,5,0.599484,0.5,10,0.6066666666666667,0.09225568335398698,565,0.45,0.6666666666666666,0.5666666666666667,0.7166666666666667,0.6333333333333333,0.5330479145050049,0.017510414123535156
sqrt,5,0.599484,0.5,20,0.7133333333333334,0.10241527663824809,175,0.8166666666666667,0.8166666666666667,0.55,0.7333333333333334,0.65,0.5333756446838379,0.017598390579223633
sqrt,5,0.599484,0.5,50,0.7100000000000001,0.16686654681045107,193,0.5333333333333333,0.9,0.55,0.9166666666666667,0.65,0.5379294872283935,0.017635583877563477
sqrt,5,0.599484,0.7,5,0.5833333333333333,0.1201850425154663,648,0.6333333333333333,0.6666666666666666,0.45,0.43333333333333335,0.7333333333333334,0.5655232429504394,0.01742897033691406
sqrt,5,0.599484,0.7,10,0.6533333333333333,0.0661647774709307,422,0.55,0.7333333333333334,0.6333333333333333,0.7166666666666667,0.6333333333333333,0.563466215133667,0.01753244400024414
sqrt,5,0.599484,0.7,20,0.7499999999999999,0.08881941729649484,46,0.8166666666666667,0.8166666666666667,0.6333333333333333,0.8333333333333333,0.65,0.5651426792144776,0.01748685836791992
sqrt,5,0.599484,0.7,50,0.73,0.14959203781544586,125,0.6333333333333333,0.9,0.55,0.9166666666666667,0.65,0.5694653034210205,0.017819786071777345
sqrt,5,0.599484,0.9,5,0.5833333333333333,0.1201850425154663,648,0.6333333333333333,0.6666666666666666,0.45,0.43333333333333335,0.7333333333333334,0.5480435848236084,0.017385530471801757
sqrt,5,0.599484,0.9,10,0.67,0.09030811456096043,369,0.55,0.8166666666666667,0.6333333333333333,0.7166666666666667,0.6333333333333333,0.5500661373138428,0.017344045639038085
sqrt,5,0.599484,0.9,20,0.6766666666666666,0.1412641340027806,337,0.6333333333333333,0.9,0.4666666666666667,0.7333333333333334,0.65,0.551181411743164,0.01750211715698242
sqrt,5,0.599484,0.9,50,0.7633333333333334,0.12174654911833119,27,0.7166666666666667,0.9,0.6333333333333333,0.9166666666666667,0.65,0.5561367034912109,0.017433881759643555
sqrt,5,2.15443,0.1,5,0.5333333333333333,0.08096638534327412,775,0.45,0.5666666666666667,0.5666666666666667,0.43333333333333335,0.65,0.6090121746063233,0.017411041259765624
sqrt,5,2.15443,0.1,10,0.6433333333333333,0.07118052168020877,443,0.6333333333333333,0.5666666666666667,0.5666666666666667,0.7166666666666667,0.7333333333333334,0.60888671875,0.017352533340454102
sqrt,5,2.15443,0.1,20,0.6266666666666667,0.061101009266077894,499,0.6333333333333333,0.5666666666666667,0.5666666666666667,0.6333333333333333,0.7333333333333334,0.6126880168914794,0.017294788360595705
sqrt,5,2.15443,0.1,50,0.7033333333333334,0.1142122779934121,224,0.6166666666666667,0.9,0.7166666666666667,0.7166666666666667,0.5666666666666667,0.61477689743042,0.017454767227172853
sqrt,5,2.15443,0.3,5,0.5833333333333333,0.09831920802501752,648,0.45,0.7333333333333334,0.5333333333333333,0.55,0.65,0.6439374446868896,0.017338371276855467
sqrt,5,2.15443,0.3,10,0.55,0.09428090415820632,767,0.45,0.6666666666666666,0.5666666666666667,0.43333333333333335,0.6333333333333333,0.6466422557830811,0.017232322692871095
sqrt,5,2.15443,0.3,20,0.6866666666666666,0.12400716825158851,292,0.6333333333333333,0.9,0.6333333333333333,0.5333333333333333,0.7333333333333334,0.6463600158691406,0.017420196533203126
sqrt,5,2.15443,0.3,50,0.71,0.12631530214330944,198,0.6333333333333333,0.9,0.6333333333333333,0.8166666666666667,0.5666666666666667,0.6483011245727539,0.01731386184692383
sqrt,5,2.15443,0.5,5,0.6233333333333334,0.10413666234542207,532,0.6333333333333333,0.7333333333333334,0.4666666666666667,0.55,0.7333333333333334,0.6702136516571044,0.017591428756713868
sqrt,5,2.15443,0.5,10,0.6599999999999999,0.06548960901462833,395,0.6333333333333333,0.6666666666666666,0.55,0.7166666666666667,0.7333333333333334,0.6725900650024415,0.01799163818359375
sqrt,5,2.15443,0.5,20,0.7233333333333334,0.11333333333333336,162,0.8166666666666667,0.9,0.6333333333333333,0.6333333333333333,0.6333333333333333,0.6760677814483642,0.017200231552124023
sqrt,5,2.15443,0.5,50,0.7433333333333333,0.1470449666674185,84,0.6166666666666667,1.0,0.6333333333333333,0.8166666666666667,0.65,0.680103874206543,0.01741957664489746
sqrt,5,2.15443,0.7,5,0.5866666666666667,0.09392668535736914,633,0.6333333333333333,0.5666666666666667,0.45,0.55,0.7333333333333334,0.6905324459075928,0.01725144386291504
sqrt,5,2.15443,0.7,10,0.6066666666666667,0.04898979485566355,565,0.5333333333333333,0.6666666666666666,0.5666666666666667,0.6333333333333333,0.6333333333333333,0.6932723999023438,0.017434120178222656
sqrt,5,2.15443,0.7,20,0.7066666666666667,0.13274871834493254,210,0.8166666666666667,0.9,0.6333333333333333,0.5333333333333333,0.65,0.6906123161315918,0.017684555053710936
sqrt,5,2.15443,0.7,50,0.7233333333333334,0.09463379711052261,162,0.7166666666666667,0.9,0.6333333333333333,0.7166666666666667,0.65,0.6972485065460206,0.01761941909790039
sqrt,5,2.15443,0.9,5,0.6399999999999999,0.10143416036468626,453,0.6333333333333333,0.6666666666666666,0.45,0.7166666666666667,0.7333333333333334,0.7387688636779786,0.017499637603759766
sqrt,5,2.15443,0.9,10,0.62,0.07408703590297624,535,0.6333333333333333,0.65,0.5666666666666667,0.5166666666666667,0.7333333333333334,0.7433219909667969,0.01758747100830078
sqrt,5,2.15443,0.9,20,0.7100000000000001,0.10466878978738386,193,0.8166666666666667,0.8166666666666667,0.55,0.6333333333333333,0.7333333333333334,0.7429369449615478,0.017444610595703125
sqrt,5,2.15443,0.9,50,0.7066666666666666,0.09865765724632494,221,0.7166666666666667,0.8,0.55,0.8166666666666667,0.65,0.7478299617767334,0.017610931396484376
sqrt,5,7.74264,0.1,5,0.5533333333333332,0.09741092797468304,766,0.45,0.5666666666666667,0.6666666666666666,0.43333333333333335,0.65,0.643403959274292,0.017110157012939452
sqrt,5,7.74264,0.1,10,0.55,0.10749676997731401,767,0.45,0.5666666666666667,0.5666666666666667,0.43333333333333335,0.7333333333333334,0.6444486141204834,0.01733846664428711
sqrt,5,7.74264,0.1,20,0.6266666666666667,0.10832051206181283,499,0.5333333333333333,0.6666666666666666,0.4666666666666667,0.7333333333333334,0.7333333333333334,0.6568720817565918,0.01750483512878418
sqrt,5,7.74264,0.1,50,0.7466666666666667,0.151803967156476,47,0.7166666666666667,1.0,0.6333333333333333,0.8166666666666667,0.5666666666666667,0.649592113494873,0.017478513717651366
sqrt,5,7.74264,0.3,5,0.5733333333333334,0.10780641085864154,657,0.45,0.5666666666666667,0.4666666666666667,0.7333333333333334,0.65,0.8141380786895752,0.017333364486694335
sqrt,5,7.74264,0.3,10,0.6266666666666667,0.10572501018102472,499,0.45,0.6666666666666666,0.5666666666666667,0.7166666666666667,0.7333333333333334,0.8172181606292724,0.01742238998413086
sqrt,5,7.74264,0.3,20,0.6766666666666666,0.12000000000000001,337,0.6333333333333333,0.8166666666666667,0.4666666666666667,0.7333333333333334,0.7333333333333334,0.8156842231750489,0.01752948760986328
sqrt,5,7.74264,0.3,50,0.7300000000000001,0.14772346537440226,110,0.7166666666666667,1.0,0.6333333333333333,0.7333333333333334,0.5666666666666667,0.8213491916656495,0.017561674118041992
sqrt,5,7.74264,0.5,5,0.5866666666666667,0.12445436468396313,633,0.45,0.7333333333333334,0.4666666666666667,0.55,0.7333333333333334,0.8595987319946289,0.017371511459350585
sqrt,5,7.74264,0.5,10,0.6066666666666667,0.09580071908799943,565,0.45,0.6666666666666666,0.5666666666666667,0.6166666666666667,0.7333333333333334,0.8618776321411132,0.017581939697265625
sqrt,5,7.74264,0.5,20,0.6533333333333333,0.10821788720498617,422,0.6333333333333333,0.8166666666666667,0.55,0.5333333333333333,0.7333333333333334,0.8598608493804931,0.01747159957885742
sqrt,5,7.74264,0.5,50,0.6566666666666666,0.16983652270475996,401,0.5333333333333333,0.9,0.4666666666666667,0.8166666666666667,0.5666666666666667,0.8640725612640381,0.017435407638549803
sqrt,5,7.74264,0.7,5,0.5833333333333334,0.09189365834726815,647,0.4666666666666667,0.6333333333333333,0.5333333333333333,0.55,0.7333333333333334,0.9380644798278809,0.017245769500732422
sqrt,5,7.74264,0.7,10,0.55,0.10540925533894596,767,0.3666666666666667,0.6666666666666666,0.5666666666666667,0.5166666666666667,0.6333333333333333,0.9376777648925781,0.01782684326171875
sqrt,5,7.74264,0.7,20,0.6766666666666666,0.07423685817106698,337,0.7333333333333334,0.7333333333333334,0.55,0.6333333333333333,0.7333333333333334,0.9400578022003174,0.017251348495483397
sqrt,5,7.74264,0.7,50,0.6533333333333333,0.12927146286443544,422,0.5333333333333333,0.9,0.6333333333333333,0.6333333333333333,0.5666666666666667,0.9403541564941407,0.01725454330444336
sqrt,5,7.74264,0.9,5,0.5700000000000001,0.10241527663824812,679,0.4666666666666667,0.6333333333333333,0.4666666666666667,0.55,0.7333333333333334,0.9396626472473144,0.017450571060180664
sqrt,5,7.74264,0.9,10,0.6066666666666667,0.054365021434333624,565,0.65,0.6666666666666666,0.55,0.5333333333333333,0.6333333333333333,0.9396158218383789,0.017339086532592772
sqrt,5,7.74264,0.9,20,0.6,0.09189365834726816,578,0.6333333333333333,0.7333333333333334,0.4666666666666667,0.5333333333333333,0.6333333333333333,0.9436102390289307,0.01760549545288086
sqrt,5,7.74264,0.9,50,0.74,0.10780641085864154,91,0.6166666666666667,0.9,0.6333333333333333,0.8166666666666667,0.7333333333333334,0.9474355697631835,0.017651844024658202
sqrt,5,27.8256,0.1,5,0.5133333333333333,0.11025223605694154,798,0.45,0.5666666666666667,0.5666666666666667,0.3333333333333333,0.65,0.6440645217895508,0.017431306838989257
sqrt,5,27.8256,0.1,10,0.6066666666666667,0.0793025150224688,565,0.55,0.6666666666666666,0.55,0.5333333333333333,0.7333333333333334,0.6467294216156005,0.017403554916381837
sqrt,5,27.8256,0.1,20,0.61,0.09637888196533975,547,0.5333333333333333,0.6666666666666666,0.4666666666666667,0.7333333333333334,0.65,0.6473195552825928,0.01737203598022461
sqrt,5,27.8256,0.1,50,0.7466666666666667,0.151803967156476,47,0.7166666666666667,1.0,0.6333333333333333,0.8166666666666667,0.5666666666666667,0.6518956184387207,0.017498588562011717
sqrt,5,27.8256,0.3,5,0.5333333333333333,0.08096638534327412,775,0.45,0.5666666666666667,0.5666666666666667,0.43333333333333335,0.65,0.766222333908081,0.017261552810668945
sqrt,5,27.8256,0.3,10,0.6266666666666667,0.07118052168020876,499,0.6333333333333333,0.6666666666666666,0.5666666666666667,0.5333333333333333,0.7333333333333334,0.7669062137603759,0.017424964904785158
sqrt,5,27.8256,0.3,20,0.5900000000000001,0.09637888196533975,595,0.5333333333333333,0.6666666666666666,0.4666666666666667,0.7333333333333334,0.55,0.7673736095428467,0.01740298271179199
sqrt,5,27.8256,0.3,50,0.7633333333333334,0.13474255287605158,27,0.7166666666666667,1.0,0.6333333333333333,0.8166666666666667,0.65,0.7716426372528076,0.017446613311767577
sqrt,5,27.8256,0.5,5,0.6133333333333333,0.09741092797468306,546,0.45,0.5666666666666667,0.6666666666666666,0.7333333333333334,0.65,0.9297933101654052,0.017275524139404298
sqrt,5,27.8256,0.5,10,0.6433333333333333,0.07118052168020877,443,0.6333333333333333,0.5666666666666667,0.5666666666666667,0.7166666666666667,0.7333333333333334,0.9369579792022705,0.017102909088134766
sqrt,5,27.8256,0.5,20,0.64,0.09463379711052258,449,0.6333333333333333,0.8166666666666667,0.5666666666666667,0.6333333333333333,0.55,0.9257653713226318,0.017654609680175782
sqrt,5,27.8256,0.5,50,0.7266666666666666,0.16076207402383325,149,0.6166666666666667,1.0,0.6333333333333333,0.8166666666666667,0.5666666666666667,0.9358418464660645,0.01735973358154297
sqrt,5,27.8256,0.7,5,0.5933333333333334,0.09104333522498444,587,0.55,0.5666666666666667,0.4666666666666667,0.7333333333333334,0.65,0.9956908702850342,0.017208003997802736
sqrt,5,27.8256,0.7,10,0.5666666666666667,0.12156388352540314,750,0.35,0.5666666666666667,0.5666666666666667,0.7166666666666667,0.6333333333333333,1.0014024734497071,0.019095325469970705
sqrt,5,27.8256,0.7,20,0.6966666666666667,0.08717797887081348,233,0.6333333333333333,0.8166666666666667,0.5666666666666667,0.7333333333333334,0.7333333333333334,1.0106760025024415,0.01844048500061035
sqrt,5,27.8256,0.7,50,0.7066666666666667,0.1147945023848171,210,0.6166666666666667,0.9,0.7166666666666667,0.7333333333333334,0.5666666666666667,1.0017117500305175,0.017554330825805663
sqrt,5,27.8256,0.9,5,0.5733333333333334,0.06548960901462833,657,0.55,0.5666666666666667,0.4666666666666667,0.6333333333333333,0.65,1.0149526596069336,0.017742156982421875
sqrt,5,27.8256,0.9,10,0.6033333333333333,0.06531972647421809,576,0.5333333333333333,0.5666666666666667,0.5666666666666667,0.7166666666666667,0.6333333333333333,1.0188127517700196,0.017479705810546874
sqrt,5,27.8256,0.9,20,0.6799999999999999,0.0865383665716478,330,0.6333333333333333,0.8166666666666667,0.5666666666666667,0.7333333333333334,0.65,1.0254887580871581,0.017288064956665038
sqrt,5,27.8256,0.9,50,0.6933333333333331,0.14007934259633797,281,0.6333333333333333,0.9,0.55,0.8166666666666667,0.5666666666666667,1.0239150524139404,0.017705583572387697
sqrt,5,100.0,0.1,5,0.5133333333333333,0.11025223605694154,798,0.45,0.5666666666666667,0.5666666666666667,0.3333333333333333,0.65,0.7009571552276611,0.017349767684936523
sqrt,5,100.0,0.1,10,0.5266666666666666,0.13274871834493254,780,0.45,0.5666666666666667,0.55,0.3333333333333333,0.7333333333333334,0.7090238094329834,0.017390632629394533
sqrt,5,100.0,0.1,20,0.59,0.0771722460186015,628,0.5333333333333333,0.6666666666666666,0.4666666666666667,0.6333333333333333,0.65,0.7004525184631347,0.017690277099609374
sqrt,5,100.0,0.1,50,0.7466666666666667,0.151803967156476,47,0.7166666666666667,1.0,0.6333333333333333,0.8166666666666667,0.5666666666666667,0.7033525943756104,0.017484331130981447
sqrt,5,100.0,0.3,5,0.5133333333333333,0.11025223605694154,798,0.45,0.5666666666666667,0.5666666666666667,0.3333333333333333,0.65,0.6956024646759034,0.0178316593170166
sqrt,5,100.0,0.3,10,0.5666666666666667,0.11785113019775792,750,0.45,0.6666666666666666,0.55,0.43333333333333335,0.7333333333333334,0.6973808288574219,0.01738142967224121
sqrt,5,100.0,0.3,20,0.61,0.09637888196533975,547,0.5333333333333333,0.6666666666666666,0.4666666666666667,0.7333333333333334,0.65,0.6996718406677246,0.019514799118041992
sqrt,5,100.0,0.3,50,0.7299999999999999,0.15860503004493762,127,0.6333333333333333,1.0,0.6333333333333333,0.8166666666666667,0.5666666666666667,0.7050275325775146,0.01792879104614258
sqrt,5,100.0,0.5,5,0.5333333333333333,0.12605113600792692,775,0.45,0.5666666666666667,0.6666666666666666,0.3333333333333333,0.65,0.709839153289795,0.01736612319946289
sqrt,5,100.0,0.5,10,0.5866666666666667,0.10077477638553983,633,0.45,0.6666666666666666,0.55,0.5333333333333333,0.7333333333333334,0.7126106739044189,0.017563247680664064
sqrt,5,100.0,0.5,20,0.63,0.08844332774281066,496,0.6333333333333333,0.6666666666666666,0.4666666666666667,0.7333333333333334,0.65,0.7152888774871826,0.017222261428833006
sqrt,5,100.0,0.5,50,0.7466666666666666,0.14429907214608909,71,0.6333333333333333,1.0,0.6333333333333333,0.8166666666666667,0.65,0.7156220436096191,0.017575502395629883
sqrt,5,100.0,0.7,5,0.5333333333333333,0.08096638534327412,775,0.45,0.5666666666666667,0.5666666666666667,0.43333333333333335,0.65,0.740548038482666,0.01753072738647461
sqrt,5,100.0,0.7,10,0.5866666666666667,0.10077477638553983,633,0.45,0.6666666666666666,0.55,0.5333333333333333,0.7333333333333334,0.7385579109191894,0.01754140853881836
sqrt,5,100.0,0.7,20,0.6266666666666667,0.12046207333061767,499,0.5333333333333333,0.6666666666666666,0.4666666666666667,0.8166666666666667,0.65,0.7404553890228271,0.017355012893676757
sqrt,5,100.0,0.7,50,0.7299999999999999,0.15860503004493762,127,0.6333333333333333,1.0,0.6333333333333333,0.8166666666666667,0.5666666666666667,0.7452794075012207,0.017440271377563477
sqrt,5,100.0,0.9,5,0.5333333333333333,0.08096638534327412,775,0.45,0.5666666666666667,0.5666666666666667,0.43333333333333335,0.65,0.8088239192962646,0.017504405975341798
sqrt,5,100.0,0.9,10,0.6433333333333333,0.055377492419453854,443,0.6333333333333333,0.6666666666666666,0.5666666666666667,0.6166666666666667,0.7333333333333334,0.8112882137298584,0.017997121810913085
sqrt,5,100.0,0.9,20,0.57,0.07180219742846004,746,0.5333333333333333,0.6666666666666666,0.4666666666666667,0.6333333333333333,0.55,0.8150208950042724,0.017217397689819336
sqrt,5,100.0,0.9,50,0.71,0.12631530214330944,198,0.6333333333333333,0.9,0.6333333333333333,0.8166666666666667,0.5666666666666667,0.8179196834564209,0.017402219772338866
0.3,1,0.001,0.1,5,0.6933333333333334,0.09463379711052261,246,0.8166666666666667,0.8,0.6166666666666667,0.6,0.6333333333333333,0.39580750465393066,0.017551422119140625
0.3,1,0.001,0.1,10,0.6833333333333333,0.11055415967851333,296,0.8333333333333333,0.8,0.6166666666666667,0.6,0.5666666666666667,0.3995214462280273,0.017576980590820312
0.3,1,0.001,0.1,20,0.5900000000000001,0.16041612554021287,595,0.55,0.9,0.5333333333333333,0.5333333333333333,0.43333333333333335,0.409850025177002,0.01785111427307129
0.3,1,0.001,0.1,50,0.5133333333333334,0.06699917080747261,782,0.55,0.43333333333333335,0.45,0.5166666666666667,0.6166666666666667,0.4239768981933594,0.017407703399658202
0.3,1,0.001,0.3,5,0.6933333333333334,0.09463379711052261,246,0.8166666666666667,0.8,0.6166666666666667,0.6,0.6333333333333333,0.3960855484008789,0.01786813735961914
0.3,1,0.001,0.3,10,0.6833333333333333,0.11055415967851333,296,0.8333333333333333,0.8,0.6166666666666667,0.6,0.5666666666666667,0.40103917121887206,0.017621469497680665
0.3,1,0.001,0.3,20,0.5900000000000001,0.16041612554021287,595,0.55,0.9,0.5333333333333333,0.5333333333333333,0.43333333333333335,0.4135955810546875,0.017856502532958986
0.3,1,0.001,0.3,50,0.5133333333333334,0.06699917080747261,782,0.55,0.43333333333333335,0.45,0.5166666666666667,0.6166666666666667,0.42339744567871096,0.017482757568359375
0.3,1,0.001,0.5,5,0.6933333333333334,0.09463379711052261,246,0.8166666666666667,0.8,0.6166666666666667,0.6,0.6333333333333333,0.39655399322509766,0.017502784729003906
0.3,1,0.001,0.5,10,0.6833333333333333,0.11055415967851333,296,0.8333333333333333,0.8,0.6166666666666667,0.6,0.5666666666666667,0.40040860176086424,0.01752448081970215
0.3,1,0.001,0.5,20,0.5900000000000001,0.16041612554021287,595,0.55,0.9,0.5333333333333333,0.5333333333333333,0.43333333333333335,0.41126408576965334,0.017724084854125976
0.3,1,0.001,0.5,50,0.5133333333333334,0.06699917080747261,782,0.55,0.43333333333333335,0.45,0.5166666666666667,0.6166666666666667,0.42282862663269044,0.01774120330810547
0.3,1,0.001,0.7,5,0.6933333333333334,0.09463379711052261,246,0.8166666666666667,0.8,0.6166666666666667,0.6,0.6333333333333333,0.4004054069519043,0.017658281326293945
0.3,1,0.001,0.7,10,0.6833333333333333,0.11055415967851333,296,0.8333333333333333,0.8,0.6166666666666667,0.6,0.5666666666666667,0.39943532943725585,0.017455101013183594
0.3,1,0.001,0.7,20,0.5900000000000001,0.16041612554021287,595,0.55,0.9,0.5333333333333333,0.5333333333333333,0.43333333333333335,0.4119846343994141,0.017727184295654296
0.3,1,0.001,0.7,50,0.5133333333333334,0.06699917080747261,782,0.55,0.43333333333333335,0.45,0.5166666666666667,0.6166666666666667,0.42259864807128905,0.017871284484863283
0.3,1,0.001,0.9,5,0.6933333333333334,0.09463379711052261,246,0.8166666666666667,0.8,0.6166666666666667,0.6,0.6333333333333333,0.39687209129333495,0.01733250617980957
0.3,1,0.001,0.9,10,0.6833333333333333,0.11055415967851333,296,0.8333333333333333,0.8,0.6166666666666667,0.6,0.5666666666666667,0.40021772384643556,0.0175783634185791
0.3,1,0.001,0.9,20,0.5900000000000001,0.16041612554021287,595,0.55,0.9,0.5333333333333333,0.5333333333333333,0.43333333333333335,0.4123858451843262,0.017673635482788087
0.3,1,0.001,0.9,50,0.5133333333333334,0.06699917080747261,782,0.55,0.43333333333333335,0.45,0.5166666666666667,0.6166666666666667,0.4244016170501709,0.017599964141845705
0.3,1,0.00359381,0.1,5,0.6933333333333334,0.09463379711052261,246,0.8166666666666667,0.8,0.6166666666666667,0.6,0.6333333333333333,0.39814486503601076,0.017403888702392577
0.3,1,0.00359381,0.1,10,0.6833333333333333,0.11055415967851333,296,0.8333333333333333,0.8,0.6166666666666667,0.6,0.5666666666666667,0.40103626251220703,0.017662763595581055
0.3,1,0.00359381,0.1,20,0.5900000000000001,0.16041612554021287,595,0.55,0.9,0.5333333333333333,0.5333333333333333,0.43333333333333335,0.41167001724243163,0.01778416633605957
0.3,1,0.00359381,0.1,50,0.5133333333333334,0.06699917080747261,782,0.55,0.43333333333333335,0.45,0.5166666666666667,0.6166666666666667,0.42300024032592776,0.017575883865356447
0.3,1,0.00359381,0.3,5,0.6933333333333334,0.09463379711052261,246,0.8166666666666667,0.8,0.6166666666666667,0.6,0.6333333333333333,0.3951117515563965,0.01784677505493164
0.3,1,0.00359381,0.3,10,0.6833333333333333,0.11055415967851333,296,0.8333333333333333,0.8,0.6166666666666667,0.6,0.5666666666666667,0.40276947021484377,0.017630481719970705
0.3,1,0.00359381,0.3,20,0.5900000000000001,0.16041612554021287,595,0.55,0.9,0.5333333333333333,0.5333333333333333,0.43333333333333335,0.4100204944610596,0.017740535736083984
0.3,1,0.00359381,0.3,50,0.5133333333333334,0.06699917080747261,782,0.55,0.43333333333333335,0.45,0.5166666666666667,0.6166666666666667,0.42265772819519043,0.01758718490600586
0.3,1,0.00359381,0.5,5,0.6933333333333334,0.09463379711052261,246,0.8166666666666667,0.8,0.6166666666666667,0.6,0.6333333333333333,0.3953597068786621,0.017425966262817384
0.3,1,0.00359381,0.5,10,0.6833333333333333,0.11055415967851333,296,0.8333333333333333,0.8,0.6166666666666667,0.6,0.5666666666666667,0.40752925872802737,0.017835283279418947
0.3,1,0.00359381,0.5,20,0.5900000000000001,0.16041612554021287,595,0.55,0.9,0.5333333333333333,0.5333333333333333,0.43333333333333335,0.4149338245391846,0.01745162010192871
0.3,1,0.00359381,0.5,50,0.5133333333333334,0.06699917080747261,782,0.55,0.43333333333333335,0.45,0.5166666666666667,0.6166666666666667,0.42763447761535645,0.01766800880432129
0.3,1,0.00359381,0.7,5,0.6933333333333334,0.09463379711052261,246,0.8166666666666667,0.8,0.6166666666666667,0.6,0.6333333333333333,0.39737777709960936,0.01777505874633789
0.3,1,0.00359381,0.7,10,0.6833333333333333,0.11055415967851333,296,0.8333333333333333,0.8,0.6166666666666667,0.6,0.5666666666666667,0.4025232791900635,0.017780208587646486
0.3,1,0.00359381,0.7,20,0.5900000000000001,0.16041612554021287,595,0.55,0.9,0.5333333333333333,0.5333333333333333,0.43333333333333335,0.41138362884521484,0.018057823181152344
0.3,1,0.00359381,0.7,50,0.5133333333333334,0.06699917080747261,782,0.55,0.43333333333333335,0.45,0.5166666666666667,0.6166666666666667,0.4253575325012207,0.01775336265563965
0.3,1,0.00359381,0.9,5,0.6933333333333334,0.09463379711052261,246,0.8166666666666667,0.8,0.6166666666666667,0.6,0.6333333333333333,0.3984384059906006,0.017778730392456053
0.3,1,0.00359381,0.9,10,0.6833333333333333,0.11055415967851333,296,0.8333333333333333,0.8,0.6166666666666667,0.6,0.5666666666666667,0.4011522769927979,0.01748318672180176
0.3,1,0.00359381,0.9,20,0.5900000000000001,0.16041612554021287,595,0.55,0.9,0.5333333333333333,0.5333333333333333,0.43333333333333335,0.41825227737426757,0.01770186424255371
0.3,1,0.00359381,0.9,50,0.5133333333333334,0.06699917080747261,782,0.55,0.43333333333333335,0.45,0.5166666666666667,0.6166666666666667,0.42345614433288575,0.017856502532958986
0.3,1,0.0129155,0.1,5,0.6933333333333332,0.08981462390204988,275,0.7333333333333334,0.75,0.55,0.8,0.6333333333333333,0.40337767601013186,0.017857837677001952
0.3,1,0.0129155,0.1,10,0.6266666666666666,0.07039570693980958,512,0.6333333333333333,0.75,0.5666666666666667,0.6333333333333333,0.55,0.4132041931152344,0.017577314376831056
0.3,1,0.0129155,0.1,20,0.7166666666666667,0.1110555416597179,173,0.9,0.75,0.5666666666666667,0.7166666666666667,0.65,0.41474080085754395,0.017676448822021483
0.3,1,0.0129155,0.1,50,0.7266666666666666,0.0916515138991168,149,0.8166666666666667,0.7166666666666667,0.5666666666666667,0.8166666666666667,0.7166666666666667,0.42865376472473143,0.017496871948242187
0.3,1,0.0129155,0.3,5,0.6933333333333334,0.09463379711052261,246,0.8166666666666667,0.8,0.6166666666666667,0.6,0.6333333333333333,0.39656362533569334,0.017827367782592772
0.3,1,0.0129155,0.3,10,0.6833333333333333,0.11055415967851333,296,0.8333333333333333,0.8,0.6166666666666667,0.6,0.5666666666666667,0.4010610580444336,0.01748032569885254
0.3,1,0.0129155,0.3,20,0.5900000000000001,0.16041612554021287,595,0.55,0.9,0.5333333333333333,0.5333333333333333,0.43333333333333335,0.41419568061828616,0.017824697494506835
0.3,1,0.0129155,0.3,50,0.5133333333333334,0.06699917080747261,782,0.55,0.43333333333333335,0.45,0.5166666666666667,0.6166666666666667,0.42331609725952146,0.01769866943359375
0.3,1,0.0129155,0.5,5,0.6933333333333334,0.09463379711052261,246,0.8166666666666667,0.8,0.6166666666666667,0.6,0.6333333333333333,0.39577903747558596,0.017577171325683594
0.3,1,0.0129155,0.5,10,0.6833333333333333,0.11055415967851333,296,0.8333333333333333,0.8,0.6166666666666667,0.6,0.5666666666666667,0.4012599468231201,0.01761012077331543
0.3,1,0.0129155,0.5,20,0.5900000000000001,0.16041612554021287,595,0.55,0.9,0.5333333333333333,0.5333333333333333,0.43333333333333335,0.4122048854827881,0.017619752883911134
0.3,1,0.0129155,0.5,50,0.5133333333333334,0.06699917080747261,782,0.55,0.43333333333333335,0.45,0.5166666666666667,0.6166666666666667,0.42674007415771487,0.017537879943847656
0.3,1,0.0129155,0.7,5,0.6933333333333334,0.09463379711052261,246,0.8166666666666667,0.8,0.6166666666666667,0.6,0.6333333333333333,0.39736099243164064,0.0176821231842041
0.3,1,0.0129155,0.7,10,0.6833333333333333,0.11055415967851333,296,0.8333333333333333,0.8,0.6166666666666667,0.6,0.5666666666666667,0.40295562744140623,0.01757645606994629
0.3,1,0.0129155,0.7,20,0.5900000000000001,0.16041612554021287,595,0.55,0.9,0.5333333333333333,0.5333333333333333,0.43333333333333335,0.4116522312164307,0.017815065383911134
0.3,1,0.0129155,0.7,50,0.5133333333333334,0.06699917080747261,782,0.55,0.43333333333333335,0.45,0.5166666666666667,0.6166666666666667,0.4230095386505127,0.018053293228149414
0.3,1,0.0129155,0.9,5,0.6933333333333334,0.09463379711052261,246,0.8166666666666667,0.8,0.6166666666666667,0.6,0.6333333333333333,0.39534726142883303,0.017534255981445312
0.3,1,0.0129155,0.9,10,0.6833333333333333,0.11055415967851333,296,0.8333333333333333,0.8,0.6166666666666667,0.6,0.5666666666666667,0.4036995887756348,0.017771100997924803
0.3,1,0.0129155,0.9,20,0.5900000000000001,0.16041612554021287,595,0.55,0.9,0.5333333333333333,0.5333333333333333,0.43333333333333335,0.41074671745300295,0.017745399475097658
0.3,1,0.0129155,0.9,50,0.5133333333333334,0.06699917080747261,782,0.55,0.43333333333333335,0.45,0.5166666666666667,0.6166666666666667,0.4238182544708252,0.017876148223876953
0.3,1,0.0464159,0.1,5,0.6599999999999999,0.07859884081701063,395,0.6333333333333333,0.75,0.55,0.6166666666666667,0.75,0.41458783149719236,0.017604303359985352
0.3,1,0.0464159,0.1,10,0.6566666666666666,0.08205689083394113,401,0.7166666666666667,0.75,0.5666666666666667,0.7,0.55,0.41998043060302737,0.0175046443939209
0.3,1,0.0464159,0.1,20,0.7699999999999999,0.15107025591499548,19,0.9166666666666667,0.8333333333333333,0.6333333333333333,0.9166666666666667,0.55,0.4244274616241455,0.017981529235839844
0.3,1,0.0464159,0.1,50,0.6933333333333332,0.10624918300339484,275,0.8166666666666667,0.6333333333333333,0.55,0.8166666666666667,0.65,0.4426252365112305,0.017444705963134764
0.3,1,0.0464159,0.3,5,0.6933333333333334,0.09285592184789412,246,0.8166666666666667,0.75,0.55,0.7166666666666667,0.6333333333333333,0.41417746543884276,0.017611360549926756
0.3,1,0.0464159,0.3,10,0.6599999999999999,0.06548960901462836,395,0.7333333333333334,0.65,0.5666666666666667,0.6166666666666667,0.7333333333333334,0.4216464519500732,0.017525863647460938
0.3,1,0.0464159,0.3,20,0.6966666666666667,0.0661647774709307,233,0.7166666666666667,0.75,0.5666666666666667,0.7166666666666667,0.7333333333333334,0.426760196685791,0.01807427406311035
0.3,1,0.0464159,0.3,50,0.7433333333333334,0.0646357314322177,79,0.8166666666666667,0.7166666666666667,0.65,0.8166666666666667,0.7166666666666667,0.4388059139251709,0.017433929443359374
0.3,1,0.0464159,0.5,5,0.6833333333333333,0.14375905768565217,296,0.6333333333333333,0.8,0.5333333333333333,0.9,0.55,0.40789141654968264,0.017659568786621095
0.3,1,0.0464159,0.5,10,0.6666666666666667,0.1206464071390257,377,0.5333333333333333,0.8,0.55,0.8166666666666667,0.6333333333333333,0.4115278720855713,0.017599153518676757
0.3,1,0.0464159,0.5,20,0.65,0.15563490039905004,433,0.43333333333333335,0.9,0.5666666666666667,0.7166666666666667,0.6333333333333333,0.42283000946044924,0.017513227462768555
0.3,1,0.0464159,0.5,50,0.63,0.1322455628325158,496,0.8166666666666667,0.43333333333333335,0.55,0.7166666666666667,0.6333333333333333,0.43633503913879396,0.017859649658203126
0.3,1,0.0464159,0.7,5,0.6933333333333334,0.09463379711052261,246,0.8166666666666667,0.8,0.6166666666666667,0.6,0.6333333333333333,0.39979214668273927,0.017558860778808593
0.3,1,0.0464159,0.7,10,0.6833333333333333,0.11055415967851333,296,0.8333333333333333,0.8,0.6166666666666667,0.6,0.5666666666666667,0.4012749671936035,0.017610788345336914
0.3,1,0.0464159,0.7,20,0.5900000000000001,0.16041612554021287,595,0.55,0.9,0.5333333333333333,0.5333333333333333,0.43333333333333335,0.4100960731506348,0.01772332191467285
0.3,1,0.0464159,0.7,50,0.5133333333333334,0.06699917080747261,782,0.55,0.43333333333333335,0.45,0.5166666666666667,0.6166666666666667,0.4255180358886719,0.01777515411376953
0.3,1,0.0464159,0.9,5,0.6933333333333334,0.09463379711052261,246,0.8166666666666667,0.8,0.6166666666666667,0.6,0.6333333333333333,0.39531855583190917,0.017385196685791016
0.3,1,0.0464159,0.9,10,0.6833333333333333,0.11055415967851333,296,0.8333333333333333,0.8,0.6166666666666667,0.6,0.5666666666666667,0.40148200988769533,0.017453861236572266
0.3,1,0.0464159,0.9,20,0.5900000000000001,0.16041612554021287,595,0.55,0.9,0.5333333333333333,0.5333333333333333,0.43333333333333335,0.4106001377105713,0.0177581787109375
0.3,1,0.0464159,0.9,50,0.5133333333333334,0.06699917080747261,782,0.55,0.43333333333333335,0.45,0.5166666666666667,0.6166666666666667,0.4302958011627197,0.01753101348876953
0.3,1,0.16681,0.1,5,0.7666666666666666,0.07226494462892934,22,0.8333333333333333,0.75,0.6333333333333333,0.8,0.8166666666666667,0.43956818580627444,0.019463014602661134
0.3,1,0.16681,0.1,10,0.7333333333333332,0.08881941729649485,108,0.7333333333333334,0.75,0.5666666666666667,0.8,0.8166666666666667,0.4447915077209473,0.017546653747558594
0.3,1,0.16681,0.1,20,0.7500000000000001,0.10593499054713805,43,0.8166666666666667,0.7333333333333334,0.6333333333333333,0.9166666666666667,0.65,0.4470058917999268,0.017958831787109376
0.3,1,0.16681,0.1,50,0.7666666666666667,0.15491933384829665,21,0.8166666666666667,1.0,0.55,0.8166666666666667,0.65,0.46626057624816897,0.01748056411743164
0.3,1,0.16681,0.3,5,0.6933333333333334,0.09977753031397173,246,0.7166666666666667,0.75,0.55,0.6166666666666667,0.8333333333333333,0.4464575290679932,0.017627573013305663
0.3,1,0.16681,0.3,10,0.7133333333333333,0.02867441755680878,180,0.7333333333333334,0.75,0.6666666666666666,0.7,0.7166666666666667,0.4541926383972168,0.017487287521362305
0.3,1,0.16681,0.3,20,0.7300000000000001,0.0635959467611297,110,0.7333333333333334,0.8333333333333333,0.6333333333333333,0.7166666666666667,0.7333333333333334,0.4555843353271484,0.017581701278686523
0.3,1,0.16681,0.3,50,0.7133333333333334,0.13349989596333858,175,0.8166666666666667,0.6333333333333333,0.55,0.9166666666666667,0.65,0.46987051963806153,0.017609834671020508
0.3,1,0.16681,0.5,5,0.7066666666666667,0.13523641850067195,210,0.6333333333333333,0.9,0.55,0.6166666666666667,0.8333333333333333,0.45189714431762695,0.01774435043334961
0.3,1,0.16681,0.5,10,0.6699999999999999,0.07102425250887504,372,0.7166666666666667,0.75,0.6333333333333333,0.7,0.55,0.4566792011260986,0.017591571807861327
0.3,1,0.16681,0.5,20,0.73,0.08259674462242576,125,0.8166666666666667,0.8333333333333333,0.6333333333333333,0.7166666666666667,0.65,0.45938739776611326,0.01754794120788574
0.3,1,0.16681,0.5,50,0.7233333333333333,0.0592546294487706,169,0.7333333333333334,0.7,0.6333333333333333,0.8166666666666667,0.7333333333333334,0.4745158672332764,0.017484617233276368
0.3,1,0.16681,0.7,5,0.6533333333333333,0.06182412330330468,422,0.7166666666666667,0.65,0.55,0.7166666666666667,0.6333333333333333,0.45100741386413573,0.017675209045410156
0.3,1,0.16681,0.7,10,0.7033333333333333,0.07333333333333332,228,0.7166666666666667,0.8333333333333333,0.6333333333333333,0.7,0.6333333333333333,0.4575005054473877,0.0176210880279541
0.3,1,0.16681,0.7,20,0.7733333333333333,0.14204850501775015,17,0.8166666666666667,0.9166666666666667,0.5666666666666667,0.9166666666666667,0.65,0.46098623275756834,0.01757669448852539
0.3,1,0.16681,0.7,50,0.6866666666666666,0.0896908269804914,292,0.8166666666666667,0.7166666666666667,0.55,0.7166666666666667,0.6333333333333333,0.47577433586120604,0.017337226867675783
0.3,1,0.16681,0.9,5,0.6933333333333334,0.05011098792790972,246,0.7333333333333334,0.75,0.6333333333333333,0.7166666666666667,0.6333333333333333,0.4465801239013672,0.017632675170898438
0.3,1,0.16681,0.9,10,0.6566666666666666,0.08205689083394113,401,0.7166666666666667,0.75,0.5666666666666667,0.7,0.55,0.45026226043701173,0.017625761032104493
0.3,1,0.16681,0.9,20,0.7033333333333333,0.0865383665716478,228,0.7333333333333334,0.75,0.5666666666666667,0.8166666666666667,0.65,0.4555877685546875,0.01751117706298828
0.3,1,0.16681,0.9,50,0.7533333333333333,0.10022197585581942,41,0.65,0.8166666666666667,0.6666666666666666,0.9166666666666667,0.7166666666666667,0.469160270690918,0.017637157440185548
0.3,1,0.599484,0.1,5,0.7066666666666667,0.040276819911981926,210,0.7166666666666667,0.75,0.6333333333333333,0.7,0.7333333333333334,0.50718994140625,0.01788477897644043
0.3,1,0.599484,0.1,10,0.7366666666666667,0.11566234381931649,95,0.7333333333333334,0.6666666666666666,0.5666666666666667,0.9,0.8166666666666667,0.5082583427429199,0.01755523681640625
0.3,1,0.599484,0.1,20,0.7833333333333334,0.0948683298050514,7,0.8166666666666667,0.8166666666666667,0.6333333333333333,0.9166666666666667,0.7333333333333334,0.5138117790222168,0.017618083953857423
0.3,1,0.599484,0.1,50,0.7466666666666667,0.12754084313139324,47,0.8166666666666667,0.8166666666666667,0.55,0.9,0.65,0.524904441833496,0.01777195930480957
0.3,1,0.599484,0.3,5,0.7366666666666666,0.06616477747093072,103,0.7166666666666667,0.7166666666666667,0.6333333333333333,0.8,0.8166666666666667,0.5187139987945557,0.01782512664794922
0.3,1,0.599484,0.3,10,0.6966666666666667,0.0661647774709307,233,0.7333333333333334,0.75,0.5666666666666667,0.7166666666666667,0.7166666666666667,0.5224448204040527,0.017775821685791015
0.3,1,0.599484,0.3,20,0.7466666666666667,0.06782329983125268,47,0.7333333333333334,0.8166666666666667,0.6333333333333333,0.8166666666666667,0.7333333333333334,0.5251381874084473,0.017469072341918947
0.3,1,0.599484,0.3,50,0.7466666666666666,0.08589399151150083,71,0.8166666666666667,0.8166666666666667,0.6333333333333333,0.8166666666666667,0.65,0.5393045902252197,0.01750044822692871
0.3,1,0.599484,0.5,5,0.6666666666666666,0.09189365834726813,379,0.6333333333333333,0.7166666666666667,0.55,0.6166666666666667,0.8166666666666667,0.5349469184875488,0.017670917510986327
0.3,1,0.599484,0.5,10,0.6933333333333334,0.09345230512584123,246,0.7333333333333334,0.8333333333333333,0.5666666666666667,0.6166666666666667,0.7166666666666667,0.5383161067962646,0.01750192642211914
0.3,1,0.599484,0.5,20,0.7833333333333334,0.0948683298050514,7,0.8166666666666667,0.9166666666666667,0.6333333333333333,0.8166666666666667,0.7333333333333334,0.5453647136688232,0.017759943008422853
0.3,1,0.599484,0.5,50,0.7799999999999999,0.11944315244779277,14,0.8166666666666667,0.9,0.55,0.8166666666666667,0.8166666666666667,0.5574214935302735,0.01768527030944824
0.3,1,0.599484,0.7,5,0.6566666666666666,0.08856886837057613,401,0.6333333333333333,0.6666666666666666,0.55,0.6166666666666667,0.8166666666666667,0.568169355392456,0.01761026382446289
0.3,1,0.599484,0.7,10,0.7066666666666668,0.07788880963698613,207,0.7333333333333334,0.8333333333333333,0.6333333333333333,0.6166666666666667,0.7166666666666667,0.5711283683776855,0.017737436294555663
0.3,1,0.599484,0.7,20,0.7833333333333333,0.13374935098492585,10,0.8166666666666667,1.0,0.6333333333333333,0.8166666666666667,0.65,0.5753339290618896,0.017531776428222658
0.3,1,0.599484,0.7,50,0.7666666666666666,0.12292725943057183,22,0.7333333333333334,0.8166666666666667,0.55,0.9166666666666667,0.8166666666666667,0.5897488594055176,0.017652511596679688
0.3,1,0.599484,0.9,5,0.6733333333333332,0.09637888196533971,366,0.6333333333333333,0.75,0.55,0.6166666666666667,0.8166666666666667,0.5541164875030518,0.017662572860717773
0.3,1,0.599484,0.9,10,0.7300000000000001,0.0635959467611297,110,0.7333333333333334,0.8333333333333333,0.6333333333333333,0.7166666666666667,0.7333333333333334,0.5568387031555175,0.017604923248291014
0.3,1,0.599484,0.9,20,0.6466666666666666,0.10077477638553979,442,0.5666666666666667,0.6333333333333333,0.55,0.8333333333333333,0.65,0.5613665580749512,0.017649221420288085
0.3,1,0.599484,0.9,50,0.7466666666666667,0.12128936932440168,47,0.8166666666666667,0.7166666666666667,0.55,0.9166666666666667,0.7333333333333334,0.5759127140045166,0.017592144012451173
0.3,1,2.15443,0.1,5,0.6900000000000001,0.10466878978738386,283,0.8166666666666667,0.75,0.6333333333333333,0.5166666666666667,0.7333333333333334,0.6115668296813965,0.01781802177429199
0.3,1,2.15443,0.1,10,0.7366666666666667,0.11566234381931649,95,0.7333333333333334,0.6666666666666666,0.5666666666666667,0.9,0.8166666666666667,0.6174294471740722,0.017472267150878906
0.3,1,2.15443,0.1,20,0.75,0.097182531580755,44,0.8166666666666667,0.8166666666666667,0.5666666666666667,0.8166666666666667,0.7333333333333334,0.622570276260376,0.017555427551269532
0.3,1,2.15443,0.1,50,0.7466666666666667,0.1034944979750668,47,0.8166666666666667,0.8166666666666667,0.55,0.8166666666666667,0.7333333333333334,0.6366827487945557,0.01793198585510254
0.3,1,2.15443,0.3,5,0.7766666666666666,0.07195677714974301,15,0.7166666666666667,0.8166666666666667,0.7166666666666667,0.9,0.7333333333333334,0.6522534847259521,0.017463493347167968
0.3,1,2.15443,0.3,10,0.6966666666666667,0.0661647774709307,233,0.7333333333333334,0.75,0.5666666666666667,0.7166666666666667,0.7166666666666667,0.6544724941253662,0.01742405891418457
0.3,1,2.15443,0.3,20,0.7266666666666668,0.058309518948453015,138,0.7333333333333334,0.7166666666666667,0.6333333333333333,0.8166666666666667,0.7333333333333334,0.6553218841552735,0.01741189956665039
0.3,1,2.15443,0.3,50,0.7299999999999999,0.14352700094407325,127,0.8166666666666667,0.9,0.55,0.8166666666666667,0.5666666666666667,0.6667518138885498,0.017577505111694335
0.3,1,2.15443,0.5,5,0.6833333333333333,0.09888264649460882,296,0.7166666666666667,0.8166666666666667,0.7166666666666667,0.5166666666666667,0.65,0.6748880386352539,0.017613601684570313
0.3,1,2.15443,0.5,10,0.7300000000000001,0.10077477638553979,110,0.7333333333333334,0.8333333333333333,0.55,0.7166666666666667,0.8166666666666667,0.6789239406585693,0.017635107040405273
0.3,1,2.15443,0.5,20,0.7633333333333333,0.0725718035235908,30,0.8166666666666667,0.8166666666666667,0.6333333333333333,0.8166666666666667,0.7333333333333334,0.6834602355957031,0.017264795303344727
0.3,1,2.15443,0.5,50,0.78,0.09030811456096045,11,0.8166666666666667,0.9,0.6333333333333333,0.8166666666666667,0.7333333333333334,0.6988050937652588,0.01788296699523926
0.3,1,2.15443,0.7,5,0.6333333333333334,0.10434983894999016,457,0.6333333333333333,0.65,0.55,0.5166666666666667,0.8166666666666667,0.698484230041504,0.017616128921508788
0.3,1,2.15443,0.7,10,0.6566666666666666,0.11671427600007726,401,0.7333333333333334,0.8333333333333333,0.55,0.5166666666666667,0.65,0.7063357353210449,0.017785072326660156
0.3,1,2.15443,0.7,20,0.7233333333333334,0.05830951894845301,162,0.8166666666666667,0.7166666666666667,0.6333333333333333,0.7166666666666667,0.7333333333333334,0.7178097724914551,0.018628501892089845
0.3,1,2.15443,0.7,50,0.7633333333333333,0.11897712198383162,30,0.8166666666666667,0.9,0.55,0.8166666666666667,0.7333333333333334,0.7135329246520996,0.017510747909545897
0.3,1,2.15443,0.9,5,0.6933333333333334,0.10143416036468626,246,0.6333333333333333,0.6666666666666666,0.55,0.8,0.8166666666666667,0.7428625106811524,0.017496013641357423
0.3,1,2.15443,0.9,10,0.6366666666666666,0.09030811456096044,455,0.7333333333333334,0.7333333333333334,0.55,0.5166666666666667,0.65,0.7454165458679199,0.017576169967651368
0.3,1,2.15443,0.9,20,0.7266666666666667,0.07859884081701063,142,0.8166666666666667,0.7166666666666667,0.6333333333333333,0.8166666666666667,0.65,0.7493322372436524,0.017622089385986327
0.3,1,2.15443,0.9,50,0.7433333333333332,0.10413666234542204,89,0.8166666666666667,0.7166666666666667,0.55,0.8166666666666667,0.8166666666666667,0.7624279499053955,0.017439985275268556
0.3,1,7.74264,0.1,5,0.66,0.10198039027185568,387,0.55,0.75,0.55,0.8,0.65,0.6487144947052002,0.017742919921875
0.3,1,7.74264,0.1,10,0.6799999999999999,0.061824123303304716,330,0.7333333333333334,0.6666666666666666,0.5666666666666667,0.7,0.7333333333333334,0.6511798858642578,0.017744731903076173
0.3,1,7.74264,0.1,20,0.7466666666666667,0.10132456102380441,47,0.8166666666666667,0.75,0.55,0.8,0.8166666666666667,0.6578157901763916,0.017705297470092772
0.3,1,7.74264,0.1,50,0.7133333333333333,0.12666666666666665,180,0.8166666666666667,0.8166666666666667,0.55,0.8166666666666667,0.5666666666666667,0.6682899475097657,0.017585086822509765
0.3,1,7.74264,0.3,5,0.6533333333333333,0.0339934634239519,422,0.7166666666666667,0.65,0.6333333333333333,0.6166666666666667,0.65,0.8210252285003662,0.01810879707336426
0.3,1,7.74264,0.3,10,0.7366666666666667,0.11566234381931649,95,0.7333333333333334,0.6666666666666666,0.5666666666666667,0.9,0.8166666666666667,0.8263411045074462,0.017544937133789063
0.3,1,7.74264,0.3,20,0.7466666666666667,0.035590260840104346,47,0.7333333333333334,0.7166666666666667,0.7333333333333334,0.8166666666666667,0.7333333333333334,0.8278249263763428,0.017470455169677733
0.3,1,7.74264,0.3,50,0.7299999999999999,0.14352700094407325,127,0.8166666666666667,0.9,0.55,0.8166666666666667,0.5666666666666667,0.8434649467468261,0.017726802825927736
0.3,1,7.74264,0.5,5,0.74,0.061101009266077866,91,0.7166666666666667,0.8166666666666667,0.7166666666666667,0.8,0.65,0.8743668556213379,0.01752758026123047
0.3,1,7.74264,0.5,10,0.7133333333333333,0.08844332774281065,180,0.7333333333333334,0.75,0.55,0.7166666666666667,0.8166666666666667,0.8707919120788574,0.017414140701293945
0.3,1,7.74264,0.5,20,0.6933333333333334,0.11860297916438131,246,0.7333333333333334,0.7166666666666667,0.4666666666666667,0.8166666666666667,0.7333333333333334,0.8719475746154786,0.017758941650390624
0.3,1,7.74264,0.5,50,0.7133333333333333,0.12666666666666665,180,0.8166666666666667,0.8166666666666667,0.55,0.8166666666666667,0.5666666666666667,0.8844323635101319,0.017683696746826173
0.3,1,7.74264,0.7,5,0.69,0.1267543556122103,286,0.4666666666666667,0.8166666666666667,0.7166666666666667,0.8,0.65,0.9433270454406738,0.01772031784057617
0.3,1,7.74264,0.7,10,0.7100000000000001,0.0910433352249844,193,0.7333333333333334,0.8333333333333333,0.55,0.7166666666666667,0.7166666666666667,0.9503448486328125,0.01774177551269531
0.3,1,7.74264,0.7,20,0.7433333333333332,0.10413666234542204,89,0.8166666666666667,0.7166666666666667,0.55,0.8166666666666667,0.8166666666666667,0.9486016273498535,0.017812061309814452
0.3,1,7.74264,0.7,50,0.7266666666666667,0.07859884081701063,142,0.8166666666666667,0.8166666666666667,0.6333333333333333,0.7166666666666667,0.65,0.9618284225463867,0.017456436157226564
0.3,1,7.74264,0.9,5,0.6666666666666666,0.09888264649460882,379,0.6333333333333333,0.8166666666666667,0.7166666666666667,0.5166666666666667,0.65,0.9494346141815185,0.017720890045166016
0.3,1,7.74264,0.9,10,0.7066666666666667,0.0910433352249844,210,0.7333333333333334,0.8333333333333333,0.55,0.7,0.7166666666666667,0.9530200958251953,0.019799423217773438
0.3,1,7.74264,0.9,20,0.7266666666666666,0.09752492558885194,149,0.8166666666666667,0.7166666666666667,0.55,0.8166666666666667,0.7333333333333334,0.9579359531402588,0.017556095123291017
0.3,1,7.74264,0.9,50,0.7633333333333333,0.0725718035235908,30,0.8166666666666667,0.8166666666666667,0.6333333333333333,0.8166666666666667,0.7333333333333334,0.9642483711242675,0.017735099792480467
0.3,1,27.8256,0.1,5,0.5866666666666667,0.10666666666666666,633,0.55,0.75,0.55,0.43333333333333335,0.65,0.6529036045074463,0.017880678176879883
0.3,1,27.8256,0.1,10,0.6933333333333334,0.0934523051258412,246,0.8333333333333333,0.65,0.55,0.7,0.7333333333333334,0.6539309024810791,0.01785421371459961
0.3,1,27.8256,0.1,20,0.7466666666666666,0.08653836657164779,71,0.8166666666666667,0.8333333333333333,0.6333333333333333,0.8,0.65,0.6580156326293946,0.017659664154052734
0.3,1,27.8256,0.1,50,0.7133333333333333,0.12666666666666665,180,0.8166666666666667,0.8166666666666667,0.55,0.8166666666666667,0.5666666666666667,0.6707702159881592,0.017600631713867186
0.3,1,27.8256,0.3,5,0.66,0.10198039027185568,387,0.55,0.75,0.55,0.8,0.65,0.7742033004760742,0.01759476661682129
0.3,1,27.8256,0.3,10,0.6799999999999999,0.061824123303304716,330,0.7333333333333334,0.6666666666666666,0.5666666666666667,0.7,0.7333333333333334,0.77431640625,0.017540550231933592
0.3,1,27.8256,0.3,20,0.7300000000000001,0.13597385369580758,110,0.8166666666666667,0.8333333333333333,0.4666666666666667,0.8,0.7333333333333334,0.7774573802947998,0.017525196075439453
0.3,1,27.8256,0.3,50,0.7266666666666667,0.10832051206181278,142,0.8166666666666667,0.8,0.55,0.8166666666666667,0.65,0.7915224552154541,0.017685556411743165
0.3,1,27.8256,0.5,5,0.64,0.08666666666666666,449,0.55,0.75,0.55,0.6166666666666667,0.7333333333333334,0.9300221920013427,0.017546844482421876
0.3,1,27.8256,0.5,10,0.7366666666666667,0.11566234381931649,95,0.7333333333333334,0.6666666666666666,0.5666666666666667,0.9,0.8166666666666667,0.9360328197479248,0.017570352554321288
0.3,1,27.8256,0.5,20,0.7466666666666667,0.0635959467611297,47,0.8166666666666667,0.7166666666666667,0.65,0.8166666666666667,0.7333333333333334,0.9419096946716309,0.017452764511108398
0.3,1,27.8256,0.5,50,0.7466666666666666,0.12754084313139324,71,0.8166666666666667,0.9,0.55,0.8166666666666667,0.65,0.9488464832305908,0.01749567985534668
0.3,1,27.8256,0.7,5,0.6733333333333333,0.07272474743090476,361,0.8166666666666667,0.65,0.6333333333333333,0.6166666666666667,0.65,0.995067548751831,0.01764364242553711
0.3,1,27.8256,0.7,10,0.7866666666666667,0.1279756921363498,3,0.7333333333333334,0.9166666666666667,0.5666666666666667,0.9,0.8166666666666667,1.000622272491455,0.017547130584716797
0.3,1,27.8256,0.7,20,0.7466666666666667,0.0635959467611297,47,0.8166666666666667,0.7166666666666667,0.65,0.8166666666666667,0.7333333333333334,1.0102521419525146,0.017760038375854492
0.3,1,27.8256,0.7,50,0.7466666666666667,0.1034944979750668,47,0.8166666666666667,0.8166666666666667,0.55,0.8166666666666667,0.7333333333333334,1.0246512413024902,0.017947578430175783
0.3,1,27.8256,0.9,5,0.6633333333333333,0.035590260840104394,385,0.65,0.65,0.6333333333333333,0.7333333333333334,0.65,1.040776252746582,0.017595624923706053
0.3,1,27.8256,0.9,10,0.7866666666666667,0.1279756921363498,3,0.7333333333333334,0.9166666666666667,0.5666666666666667,0.9,0.8166666666666667,1.0267435550689696,0.01783890724182129
0.3,1,27.8256,0.9,20,0.7300000000000001,0.05312459150169741,110,0.7333333333333334,0.7166666666666667,0.65,0.8166666666666667,0.7333333333333334,1.0299954414367676,0.018064165115356447
0.3,1,27.8256,0.9,50,0.7300000000000001,0.14352700094407325,110,0.8166666666666667,0.8166666666666667,0.55,0.9,0.5666666666666667,1.0472381114959717,0.01785726547241211
0.3,1,100.0,0.1,5,0.5666666666666667,0.08027729719194864,750,0.55,0.65,0.55,0.43333333333333335,0.65,0.7025753498077393,0.017609596252441406
0.3,1,100.0,0.1,10,0.6566666666666666,0.07644896627453145,401,0.75,0.65,0.55,0.6,0.7333333333333334,0.7042016506195068,0.01767592430114746
0.3,1,100.0,0.1,20,0.7133333333333334,0.13960261060914614,175,0.8166666666666667,0.8333333333333333,0.4666666666666667,0.8,0.65,0.710634994506836,0.01751108169555664
0.3,1,100.0,0.1,50,0.7133333333333333,0.12666666666666665,180,0.8166666666666667,0.8166666666666667,0.55,0.8166666666666667,0.5666666666666667,0.7211182594299317,0.017599821090698242
0.3,1,100.0,0.3,5,0.5866666666666667,0.10666666666666666,633,0.55,0.75,0.55,0.43333333333333335,0.65,0.7067426204681396,0.018009138107299805
0.3,1,100.0,0.3,10,0.6566666666666666,0.07644896627453145,401,0.75,0.65,0.55,0.6,0.7333333333333334,0.7037689685821533,0.017675399780273438
0.3,1,100.0,0.3,20,0.7466666666666666,0.08653836657164779,71,0.8166666666666667,0.8333333333333333,0.6333333333333333,0.8,0.65,0.7091912746429443,0.01765580177307129
0.3,1,100.0,0.3,50,0.7133333333333333,0.12666666666666665,180,0.8166666666666667,0.8166666666666667,0.55,0.8166666666666667,0.5666666666666667,0.7240551471710205,0.01736140251159668
0.3,1,100.0,0.5,5,0.5866666666666667,0.10666666666666666,633,0.55,0.75,0.55,0.43333333333333335,0.65,0.7166264057159424,0.01783332824707031
0.3,1,100.0,0.5,10,0.6966666666666667,0.1175679472569893,233,0.8333333333333333,0.5666666666666667,0.55,0.8,0.7333333333333334,0.7224706172943115,0.017599010467529298
0.3,1,100.0,0.5,20,0.7433333333333334,0.10143416036468625,79,0.8166666666666667,0.8166666666666667,0.55,0.8,0.7333333333333334,0.7248334884643555,0.017897987365722658
0.3,1,100.0,0.5,50,0.7133333333333333,0.12666666666666665,180,0.8166666666666667,0.8166666666666667,0.55,0.8166666666666667,0.5666666666666667,0.7382155895233155,0.017963886260986328
0.3,1,100.0,0.7,5,0.66,0.10198039027185568,387,0.55,0.75,0.55,0.8,0.65,0.7456117153167725,0.017614316940307618
0.3,1,100.0,0.7,10,0.6766666666666667,0.0997775303139718,335,0.7333333333333334,0.5666666666666667,0.55,0.8,0.7333333333333334,0.7461566925048828,0.01754307746887207
0.3,1,100.0,0.7,20,0.7466666666666667,0.151803967156476,47,0.8166666666666667,0.9166666666666667,0.4666666666666667,0.8,0.7333333333333334,0.7507026672363282,0.017459535598754884
0.3,1,100.0,0.7,50,0.7299999999999999,0.14352700094407325,127,0.8166666666666667,0.9,0.55,0.8166666666666667,0.5666666666666667,0.7651952266693115,0.017432308197021483
0.3,1,100.0,0.9,5,0.66,0.10198039027185568,387,0.55,0.75,0.55,0.8,0.65,0.8169515132904053,0.017664718627929687
0.3,1,100.0,0.9,10,0.72,0.09568466729604881,171,0.8333333333333333,0.6666666666666666,0.5666666666666667,0.8,0.7333333333333334,0.8194615840911865,0.017729663848876955
0.3,1,100.0,0.9,20,0.7300000000000001,0.13597385369580758,110,0.8166666666666667,0.8333333333333333,0.4666666666666667,0.8,0.7333333333333334,0.8250778198242188,0.017700958251953124
0.3,1,100.0,0.9,50,0.71,0.13063945294843612,198,0.8166666666666667,0.8166666666666667,0.55,0.8166666666666667,0.55,0.8355952739715576,0.01774296760559082
0.3,5,0.001,0.1,5,0.5700000000000001,0.059066817155564486,679,0.6333333333333333,0.6166666666666667,0.5166666666666667,0.6,0.48333333333333334,0.3923798084259033,0.01756591796875
0.3,5,0.001,0.1,10,0.5700000000000001,0.059066817155564486,679,0.6333333333333333,0.6166666666666667,0.5166666666666667,0.6,0.48333333333333334,0.3903092384338379,0.017692089080810547
0.3,5,0.001,0.1,20,0.61,0.06377042156569661,547,0.65,0.7,0.6166666666666667,0.5166666666666667,0.5666666666666667,0.3965753555297852,0.01748809814453125
0.3,5,0.001,0.1,50,0.6300000000000001,0.11803954139750515,478,0.4666666666666667,0.8,0.7166666666666667,0.6166666666666667,0.55,0.41465129852294924,0.01774144172668457
0.3,5,0.001,0.3,5,0.5700000000000001,0.059066817155564486,679,0.6333333333333333,0.6166666666666667,0.5166666666666667,0.6,0.48333333333333334,0.3933419227600098,0.01921381950378418
0.3,5,0.001,0.3,10,0.5700000000000001,0.059066817155564486,679,0.6333333333333333,0.6166666666666667,0.5166666666666667,0.6,0.48333333333333334,0.3916759490966797,0.01762862205505371
0.3,5,0.001,0.3,20,0.61,0.06377042156569661,547,0.65,0.7,0.6166666666666667,0.5166666666666667,0.5666666666666667,0.3959707736968994,0.017658424377441407
0.3,5,0.001,0.3,50,0.6300000000000001,0.11803954139750515,478,0.4666666666666667,0.8,0.7166666666666667,0.6166666666666667,0.55,0.40531101226806643,0.01738567352294922
0.3,5,0.001,0.5,5,0.5700000000000001,0.059066817155564486,679,0.6333333333333333,0.6166666666666667,0.5166666666666667,0.6,0.48333333333333334,0.3894183158874512,0.017421483993530273
0.3,5,0.001,0.5,10,0.5700000000000001,0.059066817155564486,679,0.6333333333333333,0.6166666666666667,0.5166666666666667,0.6,0.48333333333333334,0.3924751281738281,0.017077827453613283
0.3,5,0.001,0.5,20,0.61,0.06377042156569661,547,0.65,0.7,0.6166666666666667,0.5166666666666667,0.5666666666666667,0.39641294479370115,0.017190265655517577
0.3,5,0.001,0.5,50,0.6300000000000001,0.11803954139750515,478,0.4666666666666667,0.8,0.7166666666666667,0.6166666666666667,0.55,0.40584607124328614,0.017617273330688476
0.3,5,0.001,0.7,5,0.5700000000000001,0.059066817155564486,679,0.6333333333333333,0.6166666666666667,0.5166666666666667,0.6,0.48333333333333334,0.39096779823303224,0.0173311710357666
0.3,5,0.001,0.7,10,0.5700000000000001,0.059066817155564486,679,0.6333333333333333,0.6166666666666667,0.5166666666666667,0.6,0.48333333333333334,0.3919710636138916,0.017573833465576172
0.3,5,0.001,0.7,20,0.61,0.06377042156569661,547,0.65,0.7,0.6166666666666667,0.5166666666666667,0.5666666666666667,0.3958162307739258,0.017566585540771486
0.3,5,0.001,0.7,50,0.6300000000000001,0.11803954139750515,478,0.4666666666666667,0.8,0.7166666666666667,0.6166666666666667,0.55,0.40590295791625974,0.017458057403564452
0.3,5,0.001,0.9,5,0.5700000000000001,0.059066817155564486,679,0.6333333333333333,0.6166666666666667,0.5166666666666667,0.6,0.48333333333333334,0.39878287315368655,0.01906743049621582
0.3,5,0.001,0.9,10,0.5700000000000001,0.059066817155564486,679,0.6333333333333333,0.6166666666666667,0.5166666666666667,0.6,0.48333333333333334,0.3902742385864258,0.017112159729003908
0.3,5,0.001,0.9,20,0.61,0.06377042156569661,547,0.65,0.7,0.6166666666666667,0.5166666666666667,0.5666666666666667,0.3954020023345947,0.017738819122314453
0.3,5,0.001,0.9,50,0.6300000000000001,0.11803954139750515,478,0.4666666666666667,0.8,0.7166666666666667,0.6166666666666667,0.55,0.4107835292816162,0.017642116546630858
0.3,5,0.00359381,0.1,5,0.5700000000000001,0.059066817155564486,679,0.6333333333333333,0.6166666666666667,0.5166666666666667,0.6,0.48333333333333334,0.3904577732086182,0.017569828033447265
0.3,5,0.00359381,0.1,10,0.5700000000000001,0.059066817155564486,679,0.6333333333333333,0.6166666666666667,0.5166666666666667,0.6,0.48333333333333334,0.3916135787963867,0.01721668243408203
0.3,5,0.00359381,0.1,20,0.61,0.06377042156569661,547,0.65,0.7,0.6166666666666667,0.5166666666666667,0.5666666666666667,0.3970491886138916,0.017401790618896483
0.3,5,0.00359381,0.1,50,0.6300000000000001,0.11803954139750515,478,0.4666666666666667,0.8,0.7166666666666667,0.6166666666666667,0.55,0.4044966220855713,0.01748061180114746
0.3,5,0.00359381,0.3,5,0.5700000000000001,0.059066817155564486,679,0.6333333333333333,0.6166666666666667,0.5166666666666667,0.6,0.48333333333333334,0.3899670600891113,0.017161750793457033
0.3,5,0.00359381,0.3,10,0.5700000000000001,0.059066817155564486,679,0.6333333333333333,0.6166666666666667,0.5166666666666667,0.6,0.48333333333333334,0.39151859283447266,0.01713981628417969
0.3,5,0.00359381,0.3,20,0.61,0.06377042156569661,547,0.65,0.7,0.6166666666666667,0.5166666666666667,0.5666666666666667,0.3963329315185547,0.017577457427978515
0.3,5,0.00359381,0.3,50,0.6300000000000001,0.11803954139750515,478,0.4666666666666667,0.8,0.7166666666666667,0.6166666666666667,0.55,0.4050861358642578,0.01767706871032715
0.3,5,0.00359381,0.5,5,0.5700000000000001,0.059066817155564486,679,0.6333333333333333,0.6166666666666667,0.5166666666666667,0.6,0.48333333333333334,0.3886782169342041,0.01788783073425293
0.3,5,0.00359381,0.5,10,0.5700000000000001,0.059066817155564486,679,0.6333333333333333,0.6166666666666667,0.5166666666666667,0.6,0.48333333333333334,0.3904272079467773,0.017680883407592773
0.3,5,0.00359381,0.5,20,0.61,0.06377042156569661,547,0.65,0.7,0.6166666666666667,0.5166666666666667,0.5666666666666667,0.3954783916473389,0.01740097999572754
0.3,5,0.00359381,0.5,50,0.6300000000000001,0.11803954139750515,478,0.4666666666666667,0.8,0.7166666666666667,0.6166666666666667,0.55,0.40345029830932616,0.01744680404663086
0.3,5,0.00359381,0.7,5,0.5700000000000001,0.059066817155564486,679,0.6333333333333333,0.6166666666666667,0.5166666666666667,0.6,0.48333333333333334,0.3993039608001709,0.0174893856048584
0.3,5,0.00359381,0.7,10,0.5700000000000001,0.059066817155564486,679,0.6333333333333333,0.6166666666666667,0.5166666666666667,0.6,0.48333333333333334,0.3899953365325928,0.017644691467285156
0.3,5,0.00359381,0.7,20,0.61,0.06377042156569661,547,0.65,0.7,0.6166666666666667,0.5166666666666667,0.5666666666666667,0.3961890697479248,0.017397451400756835
0.3,5,0.00359381,0.7,50,0.6300000000000001,0.11803954139750515,478,0.4666666666666667,0.8,0.7166666666666667,0.6166666666666667,0.55,0.4038670539855957,0.019302177429199218
0.3,5,0.00359381,0.9,5,0.5700000000000001,0.059066817155564486,679,0.6333333333333333,0.6166666666666667,0.5166666666666667,0.6,0.48333333333333334,0.3897158145904541,0.017272758483886718
0.3,5,0.00359381,0.9,10,0.5700000000000001,0.059066817155564486,679,0.6333333333333333,0.6166666666666667,0.5166666666666667,0.6,0.48333333333333334,0.39037466049194336,0.017508268356323242
0.3,5,0.00359381,0.9,20,0.61,0.06377042156569661,547,0.65,0.7,0.6166666666666667,0.5166666666666667,0.5666666666666667,0.3994431495666504,0.017482566833496093
0.3,5,0.00359381,0.9,50,0.6300000000000001,0.11803954139750515,478,0.4666666666666667,0.8,0.7166666666666667,0.6166666666666667,0.55,0.4040489196777344,0.01734638214111328
0.3,5,0.0129155,0.1,5,0.5833333333333333,0.13621877827801698,648,0.8166666666666667,0.5666666666666667,0.45,0.45,0.6333333333333333,0.3979039192199707,0.017466926574707033
0.3,5,0.0129155,0.1,10,0.6566666666666666,0.09043106644167026,401,0.7166666666666667,0.8,0.5666666666666667,0.6333333333333333,0.5666666666666667,0.4009922981262207,0.01737351417541504
0.3,5,0.0129155,0.1,20,0.7333333333333333,0.1456784892227477,106,0.7166666666666667,1.0,0.5666666666666667,0.7333333333333334,0.65,0.4051357269287109,0.017419862747192382
0.3,5,0.0129155,0.1,50,0.7066666666666667,0.10143416036468626,210,0.6333333333333333,0.8,0.55,0.8166666666666667,0.7333333333333334,0.41217479705810545,0.01776442527770996
0.3,5,0.0129155,0.3,5,0.5700000000000001,0.059066817155564486,679,0.6333333333333333,0.6166666666666667,0.5166666666666667,0.6,0.48333333333333334,0.3898399829864502,0.01720108985900879
0.3,5,0.0129155,0.3,10,0.5700000000000001,0.059066817155564486,679,0.6333333333333333,0.6166666666666667,0.5166666666666667,0.6,0.48333333333333334,0.39215707778930664,0.017249536514282227
0.3,5,0.0129155,0.3,20,0.61,0.06377042156569661,547,0.65,0.7,0.6166666666666667,0.5166666666666667,0.5666666666666667,0.3942784309387207,0.01743426322937012
0.3,5,0.0129155,0.3,50,0.6300000000000001,0.11803954139750515,478,0.4666666666666667,0.8,0.7166666666666667,0.6166666666666667,0.55,0.40533928871154784,0.017276620864868163
0.3,5,0.0129155,0.5,5,0.5700000000000001,0.059066817155564486,679,0.6333333333333333,0.6166666666666667,0.5166666666666667,0.6,0.48333333333333334,0.3866297721862793,0.01786384582519531
0.3,5,0.0129155,0.5,10,0.5700000000000001,0.059066817155564486,679,0.6333333333333333,0.6166666666666667,0.5166666666666667,0.6,0.48333333333333334,0.3897369384765625,0.017596673965454102
0.3,5,0.0129155,0.5,20,0.61,0.06377042156569661,547,0.65,0.7,0.6166666666666667,0.5166666666666667,0.5666666666666667,0.39186902046203614,0.01754612922668457
0.3,5,0.0129155,0.5,50,0.6300000000000001,0.11803954139750515,478,0.4666666666666667,0.8,0.7166666666666667,0.6166666666666667,0.55,0.40337185859680175,0.017434978485107423
0.3,5,0.0129155,0.7,5,0.5700000000000001,0.059066817155564486,679,0.6333333333333333,0.6166666666666667,0.5166666666666667,0.6,0.48333333333333334,0.3890663146972656,0.01717696189880371
0.3,5,0.0129155,0.7,10,0.5700000000000001,0.059066817155564486,679,0.6333333333333333,0.6166666666666667,0.5166666666666667,0.6,0.48333333333333334,0.3904247760772705,0.01780529022216797
0.3,5,0.0129155,0.7,20,0.61,0.06377042156569661,547,0.65,0.7,0.6166666666666667,0.5166666666666667,0.5666666666666667,0.40010919570922854,0.017250251770019532
0.3,5,0.0129155,0.7,50,0.6300000000000001,0.11803954139750515,478,0.4666666666666667,0.8,0.7166666666666667,0.6166666666666667,0.55,0.40485239028930664,0.017597198486328125
0.3,5,0.0129155,0.9,5,0.5700000000000001,0.059066817155564486,679,0.6333333333333333,0.6166666666666667,0.5166666666666667,0.6,0.48333333333333334,0.3887759208679199,0.017137908935546876
0.3,5,0.0129155,0.9,10,0.5700000000000001,0.059066817155564486,679,0.6333333333333333,0.6166666666666667,0.5166666666666667,0.6,0.48333333333333334,0.3906698226928711,0.01722745895385742
0.3,5,0.0129155,0.9,20,0.61,0.06377042156569661,547,0.65,0.7,0.6166666666666667,0.5166666666666667,0.5666666666666667,0.39464578628540037,0.017554712295532227
0.3,5,0.0129155,0.9,50,0.6300000000000001,0.11803954139750515,478,0.4666666666666667,0.8,0.7166666666666667,0.6166666666666667,0.55,0.4038543701171875,0.01763782501220703
0.3,5,0.0464159,0.1,5,0.6,0.0924962461700774,578,0.7333333333333334,0.5666666666666667,0.45,0.6166666666666667,0.6333333333333333,0.40663695335388184,0.017226314544677733
0.3,5,0.0464159,0.1,10,0.6266666666666666,0.0992191737742481,512,0.8166666666666667,0.5666666666666667,0.5666666666666667,0.6333333333333333,0.55,0.409527587890625,0.017489099502563478
0.3,5,0.0464159,0.1,20,0.7233333333333334,0.1008849730028104,162,0.6166666666666667,0.9,0.6333333333333333,0.7333333333333334,0.7333333333333334,0.4140493392944336,0.01723799705505371
0.3,5,0.0464159,0.1,50,0.6766666666666665,0.08793937305515281,360,0.6333333333333333,0.8166666666666667,0.6333333333333333,0.7333333333333334,0.5666666666666667,0.422239875793457,0.01746654510498047
0.3,5,0.0464159,0.3,5,0.6166666666666667,0.11879019787470307,540,0.8166666666666667,0.5666666666666667,0.45,0.6166666666666667,0.6333333333333333,0.41572256088256837,0.01752781867980957
0.3,5,0.0464159,0.3,10,0.6566666666666666,0.0997775303139718,401,0.8,0.65,0.5666666666666667,0.5333333333333333,0.7333333333333334,0.4103978157043457,0.017405891418457033
0.3,5,0.0464159,0.3,20,0.6566666666666667,0.062003584125794264,400,0.6166666666666667,0.7166666666666667,0.5666666666666667,0.7333333333333334,0.65,0.41524372100830076,0.01774172782897949
0.3,5,0.0464159,0.3,50,0.7633333333333333,0.07702813338860895,30,0.7166666666666667,0.8166666666666667,0.6333333333333333,0.8166666666666667,0.8333333333333333,0.4243122100830078,0.017341041564941408
0.3,5,0.0464159,0.5,5,0.5766666666666667,0.11953614051360738,655,0.6333333333333333,0.6166666666666667,0.45,0.43333333333333335,0.75,0.39981765747070314,0.017506742477416994
0.3,5,0.0464159,0.5,10,0.5966666666666667,0.08259674462242578,583,0.5333333333333333,0.6166666666666667,0.55,0.5333333333333333,0.75,0.4030425548553467,0.01766057014465332
0.3,5,0.0464159,0.5,20,0.5566666666666666,0.11234866364235144,764,0.43333333333333335,0.7,0.55,0.43333333333333335,0.6666666666666666,0.40699291229248047,0.017645978927612306
0.3,5,0.0464159,0.5,50,0.7033333333333334,0.10402991022884824,224,0.8166666666666667,0.8,0.55,0.6166666666666667,0.7333333333333334,0.4149594306945801,0.017453813552856447
0.3,5,0.0464159,0.7,5,0.5700000000000001,0.059066817155564486,679,0.6333333333333333,0.6166666666666667,0.5166666666666667,0.6,0.48333333333333334,0.39023213386535643,0.01713871955871582
0.3,5,0.0464159,0.7,10,0.5700000000000001,0.059066817155564486,679,0.6333333333333333,0.6166666666666667,0.5166666666666667,0.6,0.48333333333333334,0.39114723205566404,0.017152738571166993
0.3,5,0.0464159,0.7,20,0.61,0.06377042156569661,547,0.65,0.7,0.6166666666666667,0.5166666666666667,0.5666666666666667,0.39676876068115235,0.017479848861694337
0.3,5,0.0464159,0.7,50,0.6300000000000001,0.11803954139750515,478,0.4666666666666667,0.8,0.7166666666666667,0.6166666666666667,0.55,0.4084614753723145,0.017251300811767577
0.3,5,0.0464159,0.9,5,0.5700000000000001,0.059066817155564486,679,0.6333333333333333,0.6166666666666667,0.5166666666666667,0.6,0.48333333333333334,0.3906818389892578,0.01799349784851074
0.3,5,0.0464159,0.9,10,0.5700000000000001,0.059066817155564486,679,0.6333333333333333,0.6166666666666667,0.5166666666666667,0.6,0.48333333333333334,0.39358720779418943,0.017324066162109374
0.3,5,0.0464159,0.9,20,0.61,0.06377042156569661,547,0.65,0.7,0.6166666666666667,0.5166666666666667,0.5666666666666667,0.3953865051269531,0.0173281192779541
0.3,5,0.0464159,0.9,50,0.6300000000000001,0.11803954139750515,478,0.4666666666666667,0.8,0.7166666666666667,0.6166666666666667,0.55,0.40396885871887206,0.01757974624633789
0.3,5,0.16681,0.1,5,0.65,0.09545214042184237,433,0.6666666666666666,0.6666666666666666,0.4666666666666667,0.7166666666666667,0.7333333333333334,0.43192739486694337,0.017280197143554686
0.3,5,0.16681,0.1,10,0.6300000000000001,0.061824123303304716,478,0.65,0.5666666666666667,0.5666666666666667,0.6333333333333333,0.7333333333333334,0.43579788208007814,0.017539548873901366
0.3,5,0.16681,0.1,20,0.6899999999999998,0.11382247385975912,288,0.6166666666666667,0.8166666666666667,0.6333333333333333,0.8333333333333333,0.55,0.43853106498718264,0.01751551628112793
0.3,5,0.16681,0.1,50,0.69,0.1455258663529538,286,0.5333333333333333,0.9,0.55,0.8166666666666667,0.65,0.44812750816345215,0.017525959014892577
0.3,5,0.16681,0.3,5,0.6,0.10274023338281628,578,0.7333333333333334,0.6666666666666666,0.45,0.5166666666666667,0.6333333333333333,0.4388756275177002,0.01737813949584961
0.3,5,0.16681,0.3,10,0.6266666666666667,0.05637178175095922,499,0.65,0.5666666666666667,0.5666666666666667,0.7166666666666667,0.6333333333333333,0.4579030513763428,0.017719411849975587
0.3,5,0.16681,0.3,20,0.7266666666666667,0.11085526098877262,142,0.6333333333333333,0.9,0.6333333333333333,0.8166666666666667,0.65,0.4508547306060791,0.01768918037414551
0.3,5,0.16681,0.3,50,0.6566666666666666,0.10252370999486465,401,0.6166666666666667,0.8166666666666667,0.55,0.7333333333333334,0.5666666666666667,0.4537456512451172,0.017580080032348632
0.3,5,0.16681,0.5,5,0.65,0.1732050807568877,433,0.7333333333333334,0.8,0.45,0.43333333333333335,0.8333333333333333,0.44281578063964844,0.017388677597045897
0.3,5,0.16681,0.5,10,0.6166666666666666,0.07149203529842407,542,0.7333333333333334,0.6333333333333333,0.6333333333333333,0.5333333333333333,0.55,0.44583868980407715,0.017399358749389648
0.3,5,0.16681,0.5,20,0.6566666666666666,0.13888444437333106,401,0.6333333333333333,0.9,0.4666666666666667,0.6333333333333333,0.65,0.45329914093017576,0.017659521102905272
0.3,5,0.16681,0.5,50,0.7233333333333334,0.09752492558885198,162,0.6333333333333333,0.9,0.6333333333333333,0.7166666666666667,0.7333333333333334,0.4580844879150391,0.01808614730834961
0.3,5,0.16681,0.7,5,0.5966666666666667,0.09092121131323903,583,0.7166666666666667,0.65,0.45,0.6166666666666667,0.55,0.44629297256469724,0.0171938419342041
0.3,5,0.16681,0.7,10,0.65,0.07149203529842407,433,0.7333333333333334,0.7166666666666667,0.6333333333333333,0.5333333333333333,0.6333333333333333,0.4471236228942871,0.01717696189880371
0.3,5,0.16681,0.7,20,0.6866666666666666,0.06091888960832356,292,0.7,0.8,0.65,0.6333333333333333,0.65,0.45003185272216795,0.01742410659790039
0.3,5,0.16681,0.7,50,0.7066666666666667,0.12183777921664714,210,0.5333333333333333,0.9,0.6333333333333333,0.7333333333333334,0.7333333333333334,0.4610771179199219,0.01759181022644043
0.3,5,0.16681,0.9,5,0.7033333333333334,0.16977108770995794,224,0.9166666666666667,0.9,0.5333333333333333,0.6166666666666667,0.55,0.4359147071838379,0.017674779891967772
0.3,5,0.16681,0.9,10,0.5700000000000001,0.1132352516764202,679,0.7166666666666667,0.65,0.5666666666666667,0.5333333333333333,0.3833333333333333,0.44223785400390625,0.017775583267211913
0.3,5,0.16681,0.9,20,0.7,0.09189365834726813,231,0.7333333333333334,0.7333333333333334,0.5666666666666667,0.6333333333333333,0.8333333333333333,0.4443036079406738,0.017488718032836914
0.3,5,0.16681,0.9,50,0.7266666666666666,0.09752492558885194,149,0.8166666666666667,0.7166666666666667,0.55,0.8166666666666667,0.7333333333333334,0.45244388580322265,0.01739163398742676
0.3,5,0.599484,0.1,5,0.5866666666666667,0.09510228411791405,633,0.7333333333333334,0.5666666666666667,0.4666666666666667,0.5166666666666667,0.65,0.49605908393859866,0.01743927001953125
0.3,5,0.599484,0.1,10,0.5666666666666667,0.09660917830792962,750,0.43333333333333335,0.5666666666666667,0.5666666666666667,0.5333333333333333,0.7333333333333334,0.5040314674377442,0.017229318618774414
0.3,5,0.599484,0.1,20,0.6766666666666666,0.1474222959166399,337,0.6333333333333333,0.7333333333333334,0.4666666666666667,0.9166666666666667,0.6333333333333333,0.5034225940704345,0.017639017105102538
0.3,5,0.599484,0.1,50,0.7099999999999999,0.17657230184198705,205,0.5333333333333333,1.0,0.55,0.8166666666666667,0.65,0.5120073318481445,0.017437744140625
0.3,5,0.599484,0.3,5,0.6333333333333334,0.09486832980505139,457,0.6333333333333333,0.6166666666666667,0.4666666666666667,0.7166666666666667,0.7333333333333334,0.5083701133728027,0.01737246513366699
0.3,5,0.599484,0.3,10,0.6466666666666667,0.04876246279442598,440,0.65,0.6666666666666666,0.5666666666666667,0.7166666666666667,0.6333333333333333,0.514628267288208,0.01780538558959961
0.3,5,0.599484,0.3,20,0.7300000000000001,0.11075498483890765,110,0.7333333333333334,0.9,0.55,0.7333333333333334,0.7333333333333334,0.517049503326416,0.017487192153930665
0.3,5,0.599484,0.3,50,0.6933333333333332,0.11860297916438131,275,0.6333333333333333,0.9,0.55,0.7333333333333334,0.65,0.5269254207611084,0.017843008041381836
0.3,5,0.599484,0.5,5,0.56,0.09104333522498444,763,0.4666666666666667,0.5333333333333333,0.55,0.5166666666666667,0.7333333333333334,0.527069091796875,0.017356252670288085
0.3,5,0.599484,0.5,10,0.6066666666666667,0.09225568335398698,565,0.45,0.6666666666666666,0.5666666666666667,0.7166666666666667,0.6333333333333333,0.531285285949707,0.01761326789855957
0.3,5,0.599484,0.5,20,0.7133333333333332,0.10561986345169902,192,0.7166666666666667,0.8166666666666667,0.55,0.8333333333333333,0.65,0.5312776565551758,0.018294811248779297
0.3,5,0.599484,0.5,50,0.7266666666666667,0.1518771433319269,142,0.6166666666666667,0.9,0.55,0.9166666666666667,0.65,0.5431770324707031,0.0174959659576416
0.3,5,0.599484,0.7,5,0.62,0.0784573486395988,535,0.6333333333333333,0.6666666666666666,0.55,0.5166666666666667,0.7333333333333334,0.5588947772979737,0.017441368103027342
0.3,5,0.599484,0.7,10,0.6533333333333333,0.0661647774709307,422,0.55,0.7333333333333334,0.6333333333333333,0.7166666666666667,0.6333333333333333,0.5652926921844482,0.017513418197631837
0.3,5,0.599484,0.7,20,0.7133333333333334,0.10241527663824809,175,0.8166666666666667,0.8166666666666667,0.55,0.7333333333333334,0.65,0.5646537780761719,0.01733994483947754
0.3,5,0.599484,0.7,50,0.76,0.127627931460511,37,0.6166666666666667,0.9,0.6333333333333333,0.9166666666666667,0.7333333333333334,0.5763067245483399,0.017807435989379884
0.3,5,0.599484,0.9,5,0.5833333333333333,0.1201850425154663,648,0.6333333333333333,0.6666666666666666,0.45,0.43333333333333335,0.7333333333333334,0.545387077331543,0.017677736282348634
0.3,5,0.599484,0.9,10,0.67,0.09030811456096043,369,0.55,0.8166666666666667,0.6333333333333333,0.7166666666666667,0.6333333333333333,0.5489007949829101,0.017310619354248047
0.3,5,0.599484,0.9,20,0.6266666666666667,0.17594190960528866,499,0.55,0.9,0.3833333333333333,0.7333333333333334,0.5666666666666667,0.5537810802459717,0.017435216903686525
0.3,5,0.599484,0.9,50,0.78,0.11025223605694154,11,0.7166666666666667,0.9,0.6333333333333333,0.9166666666666667,0.7333333333333334,0.5619709968566895,0.017484760284423827
0.3,5,2.15443,0.1,5,0.55,0.06582805886043833,767,0.45,0.5666666666666667,0.5666666666666667,0.5166666666666667,0.65,0.6053799629211426,0.017498254776000977
0.3,5,2.15443,0.1,10,0.6433333333333333,0.07118052168020877,443,0.6333333333333333,0.5666666666666667,0.5666666666666667,0.7166666666666667,0.7333333333333334,0.6086820602416992,0.01742105484008789
0.3,5,2.15443,0.1,20,0.5866666666666667,0.09092121131323905,633,0.6333333333333333,0.5666666666666667,0.4666666666666667,0.5333333333333333,0.7333333333333334,0.6127352714538574,0.01739950180053711
0.3,5,2.15443,0.1,50,0.6699999999999999,0.1309792180292567,372,0.5333333333333333,0.9,0.6333333333333333,0.7166666666666667,0.5666666666666667,0.6209297180175781,0.01761493682861328
0.3,5,2.15443,0.3,5,0.5666666666666667,0.0894427190999916,750,0.45,0.6166666666666667,0.4666666666666667,0.65,0.65,0.6400857448577881,0.017305278778076173
0.3,5,2.15443,0.3,10,0.55,0.09428090415820632,767,0.45,0.6666666666666666,0.5666666666666667,0.43333333333333335,0.6333333333333333,0.6570619583129883,0.017564773559570312
0.3,5,2.15443,0.3,20,0.6533333333333333,0.10821788720498617,422,0.6333333333333333,0.8166666666666667,0.55,0.5333333333333333,0.7333333333333334,0.6540794372558594,0.019471120834350587
0.3,5,2.15443,0.3,50,0.6566666666666666,0.13106402167558331,401,0.5333333333333333,0.8166666666666667,0.55,0.8166666666666667,0.5666666666666667,0.654855489730835,0.01738772392272949
0.3,5,2.15443,0.5,5,0.6,0.0674948557710553,578,0.6333333333333333,0.6166666666666667,0.4666666666666667,0.6333333333333333,0.65,0.6662580966949463,0.017680025100708006
0.3,5,2.15443,0.5,10,0.6599999999999999,0.06548960901462833,395,0.6333333333333333,0.6666666666666666,0.55,0.7166666666666667,0.7333333333333334,0.6717608451843262,0.017789554595947266
0.3,5,2.15443,0.5,20,0.6866666666666666,0.1465908895153068,292,0.8166666666666667,0.9,0.55,0.5333333333333333,0.6333333333333333,0.677859115600586,0.017786645889282228
0.3,5,2.15443,0.5,50,0.7266666666666666,0.17403703309608817,149,0.5333333333333333,1.0,0.55,0.8166666666666667,0.7333333333333334,0.6812088966369629,0.01754622459411621
0.3,5,2.15443,0.7,5,0.6066666666666667,0.08472176684759224,565,0.6333333333333333,0.48333333333333334,0.55,0.6333333333333333,0.7333333333333334,0.6849720001220703,0.017391777038574217
0.3,5,2.15443,0.7,10,0.6066666666666667,0.04898979485566355,565,0.5333333333333333,0.6666666666666666,0.5666666666666667,0.6333333333333333,0.6333333333333333,0.6867258548736572,0.017618417739868164
0.3,5,2.15443,0.7,20,0.6866666666666668,0.14659088951530683,289,0.8166666666666667,0.9,0.6333333333333333,0.5333333333333333,0.55,0.6937859058380127,0.01738319396972656
0.3,5,2.15443,0.7,50,0.6866666666666668,0.11944315244779279,289,0.7166666666666667,0.9,0.55,0.6166666666666667,0.65,0.699650764465332,0.017598056793212892
0.3,5,2.15443,0.9,5,0.6266666666666667,0.10252370999486467,499,0.4666666666666667,0.6666666666666666,0.55,0.7166666666666667,0.7333333333333334,0.7345415115356445,0.0175295352935791
0.3,5,2.15443,0.9,10,0.62,0.07408703590297624,535,0.6333333333333333,0.65,0.5666666666666667,0.5166666666666667,0.7333333333333334,0.7388579845428467,0.01745266914367676
0.3,5,2.15443,0.9,20,0.62,0.151803967156476,535,0.8166666666666667,0.6333333333333333,0.3833333333333333,0.5333333333333333,0.7333333333333334,0.7416304111480713,0.017443180084228516
0.3,5,2.15443,0.9,50,0.7066666666666667,0.11953614051360739,210,0.6166666666666667,0.9,0.55,0.7333333333333334,0.7333333333333334,0.7485928535461426,0.01760997772216797
0.3,5,7.74264,0.1,5,0.5733333333333334,0.04027681991198191,657,0.55,0.5666666666666667,0.5666666666666667,0.5333333333333333,0.65,0.6408618450164795,0.01749873161315918
0.3,5,7.74264,0.1,10,0.55,0.10749676997731401,767,0.45,0.5666666666666667,0.5666666666666667,0.43333333333333335,0.7333333333333334,0.645054292678833,0.01738276481628418
0.3,5,7.74264,0.1,20,0.6266666666666667,0.10832051206181283,499,0.5333333333333333,0.6666666666666666,0.4666666666666667,0.7333333333333334,0.7333333333333334,0.649026346206665,0.017285633087158202
0.3,5,7.74264,0.1,50,0.71,0.12631530214330944,198,0.6333333333333333,0.9,0.6333333333333333,0.8166666666666667,0.5666666666666667,0.6554735183715821,0.017331743240356447
0.3,5,7.74264,0.3,5,0.5933333333333334,0.09104333522498444,587,0.55,0.5666666666666667,0.4666666666666667,0.7333333333333334,0.65,0.8139923572540283,0.01771407127380371
0.3,5,7.74264,0.3,10,0.6266666666666667,0.10572501018102472,499,0.45,0.6666666666666666,0.5666666666666667,0.7166666666666667,0.7333333333333334,0.817518663406372,0.01970510482788086
0.3,5,7.74264,0.3,20,0.6733333333333333,0.09225568335398698,361,0.6333333333333333,0.8166666666666667,0.55,0.6333333333333333,0.7333333333333334,0.8152839660644531,0.017348766326904297
0.3,5,7.74264,0.3,50,0.6699999999999999,0.11756794725698934,372,0.6333333333333333,0.9,0.6333333333333333,0.6166666666666667,0.5666666666666667,0.8249608516693115,0.017437028884887695
0.3,5,7.74264,0.5,5,0.5633333333333332,0.10402991022884825,762,0.45,0.6166666666666667,0.4666666666666667,0.55,0.7333333333333334,0.8533488273620605,0.017578125
0.3,5,7.74264,0.5,10,0.6066666666666667,0.09580071908799943,565,0.45,0.6666666666666666,0.5666666666666667,0.6166666666666667,0.7333333333333334,0.8615481376647949,0.01886096000671387
0.3,5,7.74264,0.5,20,0.6533333333333333,0.10821788720498617,422,0.6333333333333333,0.8166666666666667,0.55,0.5333333333333333,0.7333333333333334,0.8741300582885743,0.017414188385009764
0.3,5,7.74264,0.5,50,0.7066666666666666,0.13274871834493254,221,0.5333333333333333,0.9,0.6333333333333333,0.8166666666666667,0.65,0.873818826675415,0.017706775665283205
0.3,5,7.74264,0.7,5,0.5466666666666666,0.12534397117975446,774,0.3666666666666667,0.6166666666666667,0.4666666666666667,0.55,0.7333333333333334,0.9388923645019531,0.017432117462158205
0.3,5,7.74264,0.7,10,0.55,0.10540925533894596,767,0.3666666666666667,0.6666666666666666,0.5666666666666667,0.5166666666666667,0.6333333333333333,0.9436300754547119,0.017705631256103516
0.3,5,7.74264,0.7,20,0.6766666666666666,0.12000000000000002,337,0.7333333333333334,0.8166666666666667,0.4666666666666667,0.6333333333333333,0.7333333333333334,0.9377047538757324,0.0175931453704834
0.3,5,7.74264,0.7,50,0.6533333333333333,0.12927146286443544,422,0.5333333333333333,0.9,0.6333333333333333,0.6333333333333333,0.5666666666666667,0.9484676837921142,0.017623186111450195
0.3,5,7.74264,0.9,5,0.5666666666666667,0.08232726023485645,750,0.4666666666666667,0.6166666666666667,0.4666666666666667,0.6333333333333333,0.65,0.9377443313598632,0.0174652099609375
0.3,5,7.74264,0.9,10,0.6066666666666667,0.054365021434333624,565,0.65,0.6666666666666666,0.55,0.5333333333333333,0.6333333333333333,0.9420641422271728,0.017741870880126954
0.3,5,7.74264,0.9,20,0.67,0.12445436468396313,369,0.8166666666666667,0.8166666666666667,0.55,0.5333333333333333,0.6333333333333333,0.9476727485656739,0.017610692977905275
0.3,5,7.74264,0.9,50,0.7033333333333334,0.11897712198383165,224,0.6166666666666667,0.9,0.55,0.7166666666666667,0.7333333333333334,0.9507639884948731,0.017279815673828126
0.3,5,27.8256,0.1,5,0.5933333333333333,0.0402768199119819,591,0.55,0.5666666666666667,0.5666666666666667,0.6333333333333333,0.65,0.6415288925170899,0.01731901168823242
0.3,5,27.8256,0.1,10,0.6066666666666667,0.0793025150224688,565,0.55,0.6666666666666666,0.55,0.5333333333333333,0.7333333333333334,0.6443467140197754,0.01772470474243164
0.3,5,27.8256,0.1,20,0.57,0.07180219742846004,746,0.5333333333333333,0.6666666666666666,0.4666666666666667,0.6333333333333333,0.55,0.6485830783843994,0.01744236946105957
0.3,5,27.8256,0.1,50,0.7266666666666666,0.12046207333061769,149,0.7166666666666667,0.9,0.6333333333333333,0.8166666666666667,0.5666666666666667,0.6582279205322266,0.017654800415039064
0.3,5,27.8256,0.3,5,0.5733333333333334,0.04027681991198191,657,0.55,0.5666666666666667,0.5666666666666667,0.5333333333333333,0.65,0.7631875991821289,0.017385196685791016
0.3,5,27.8256,0.3,10,0.6266666666666667,0.07118052168020876,499,0.6333333333333333,0.6666666666666666,0.5666666666666667,0.5333333333333333,0.7333333333333334,0.7707619667053223,0.017651700973510744
0.3,5,27.8256,0.3,20,0.57,0.07180219742846004,746,0.5333333333333333,0.6666666666666666,0.4666666666666667,0.6333333333333333,0.55,0.7780384540557861,0.017543220520019533
0.3,5,27.8256,0.3,50,0.7466666666666667,0.151803967156476,47,0.7166666666666667,1.0,0.6333333333333333,0.8166666666666667,0.5666666666666667,0.7762885570526123,0.017706298828125
0.3,5,27.8256,0.5,5,0.6333333333333333,0.06749485577105531,476,0.55,0.5666666666666667,0.6666666666666666,0.7333333333333334,0.65,0.923991346359253,0.01746983528137207
0.3,5,27.8256,0.5,10,0.6433333333333333,0.07118052168020877,443,0.6333333333333333,0.5666666666666667,0.5666666666666667,0.7166666666666667,0.7333333333333334,0.9334897994995117,0.017637062072753906
0.3,5,27.8256,0.5,20,0.6199999999999999,0.11614167593456229,539,0.6333333333333333,0.8166666666666667,0.4666666666666667,0.6333333333333333,0.55,0.9306539058685303,0.0176638126373291
0.3,5,27.8256,0.5,50,0.6699999999999999,0.1309792180292567,372,0.5333333333333333,0.9,0.6333333333333333,0.7166666666666667,0.5666666666666667,0.9376853466033935,0.01722879409790039
0.3,5,27.8256,0.7,5,0.5766666666666667,0.10413666234542207,655,0.4666666666666667,0.5666666666666667,0.4666666666666667,0.7333333333333334,0.65,0.9866930484771729,0.017400074005126952
0.3,5,27.8256,0.7,10,0.5666666666666667,0.12156388352540314,750,0.35,0.5666666666666667,0.5666666666666667,0.7166666666666667,0.6333333333333333,0.9887378692626954,0.017623043060302733
0.3,5,27.8256,0.7,20,0.6166666666666667,0.11832159566199231,540,0.5333333333333333,0.8166666666666667,0.4666666666666667,0.6333333333333333,0.6333333333333333,0.9924493789672851,0.01748042106628418
0.3,5,27.8256,0.7,50,0.6900000000000001,0.11527744310527058,283,0.6333333333333333,0.9,0.6333333333333333,0.7166666666666667,0.5666666666666667,1.0024185180664062,0.01765928268432617
0.3,5,27.8256,0.9,5,0.5933333333333334,0.09104333522498444,587,0.55,0.5666666666666667,0.4666666666666667,0.7333333333333334,0.65,1.0169371128082276,0.01733741760253906
0.3,5,27.8256,0.9,10,0.6033333333333333,0.06531972647421809,576,0.5333333333333333,0.5666666666666667,0.5666666666666667,0.7166666666666667,0.6333333333333333,1.0212337493896484,0.017271137237548827
0.3,5,27.8256,0.9,20,0.6733333333333333,0.11860297916438131,361,0.6333333333333333,0.8166666666666667,0.4666666666666667,0.7166666666666667,0.7333333333333334,1.0245251655578613,0.01763577461242676
0.3,5,27.8256,0.9,50,0.6566666666666666,0.16983652270475996,401,0.5333333333333333,0.9,0.4666666666666667,0.8166666666666667,0.5666666666666667,1.0284096240997314,0.017679166793823243
0.3,5,100.0,0.1,5,0.5933333333333333,0.0402768199119819,591,0.55,0.5666666666666667,0.5666666666666667,0.6333333333333333,0.65,0.6963396072387695,0.017379188537597658
0.3,5,100.0,0.1,10,0.5266666666666666,0.13274871834493254,780,0.45,0.5666666666666667,0.55,0.3333333333333333,0.7333333333333334,0.698825454711914,0.017838764190673827
0.3,5,100.0,0.1,20,0.59,0.0771722460186015,628,0.5333333333333333,0.6666666666666666,0.4666666666666667,0.6333333333333333,0.65,0.6996568202972412,0.017650842666625977
0.3,5,100.0,0.1,50,0.7133333333333333,0.17172329163188343,180,0.6333333333333333,1.0,0.55,0.8166666666666667,0.5666666666666667,0.7070905685424804,0.01743154525756836
0.3,5,100.0,0.3,5,0.5933333333333333,0.0402768199119819,591,0.55,0.5666666666666667,0.5666666666666667,0.6333333333333333,0.65,0.6929092407226562,0.017173099517822265
0.3,5,100.0,0.3,10,0.5666666666666667,0.11785113019775792,750,0.45,0.6666666666666666,0.55,0.43333333333333335,0.7333333333333334,0.6954210758209228,0.017458438873291016
0.3,5,100.0,0.3,20,0.59,0.0771722460186015,628,0.5333333333333333,0.6666666666666666,0.4666666666666667,0.6333333333333333,0.65,0.6996781826019287,0.01745305061340332
0.3,5,100.0,0.3,50,0.7266666666666666,0.12046207333061769,149,0.7166666666666667,0.9,0.6333333333333333,0.8166666666666667,0.5666666666666667,0.7071218013763427,0.017581939697265625
0.3,5,100.0,0.5,5,0.5933333333333333,0.0402768199119819,591,0.55,0.5666666666666667,0.5666666666666667,0.6333333333333333,0.65,0.7056206703186035,0.017827177047729494
0.3,5,100.0,0.5,10,0.5866666666666667,0.10077477638553983,633,0.45,0.6666666666666666,0.55,0.5333333333333333,0.7333333333333334,0.7103853702545166,0.017645740509033205
0.3,5,100.0,0.5,20,0.59,0.0771722460186015,628,0.5333333333333333,0.6666666666666666,0.4666666666666667,0.6333333333333333,0.65,0.7127774238586426,0.017330265045166014
0.3,5,100.0,0.5,50,0.7133333333333333,0.17172329163188343,180,0.6333333333333333,1.0,0.55,0.8166666666666667,0.5666666666666667,0.7253447532653808,0.01780390739440918
0.3,5,100.0,0.7,5,0.5733333333333334,0.04027681991198191,657,0.55,0.5666666666666667,0.5666666666666667,0.5333333333333333,0.65,0.7388031959533692,0.01753835678100586
0.3,5,100.0,0.7,10,0.5866666666666667,0.10077477638553983,633,0.45,0.6666666666666666,0.55,0.5333333333333333,0.7333333333333334,0.7465444564819336,0.019528865814208984
0.3,5,100.0,0.7,20,0.59,0.0771722460186015,628,0.5333333333333333,0.6666666666666666,0.4666666666666667,0.6333333333333333,0.65,0.7444855213165283,0.017416667938232423
0.3,5,100.0,0.7,50,0.7299999999999999,0.15860503004493762,127,0.6333333333333333,1.0,0.6333333333333333,0.8166666666666667,0.5666666666666667,0.7503192901611329,0.017524528503417968
0.3,5,100.0,0.9,5,0.5733333333333334,0.04027681991198191,657,0.55,0.5666666666666667,0.5666666666666667,0.5333333333333333,0.65,0.8082422733306884,0.017420530319213867
0.3,5,100.0,0.9,10,0.6433333333333333,0.055377492419453854,443,0.6333333333333333,0.6666666666666666,0.5666666666666667,0.6166666666666667,0.7333333333333334,0.8109518527984619,0.017443227767944335
0.3,5,100.0,0.9,20,0.57,0.07180219742846004,746,0.5333333333333333,0.6666666666666666,0.4666666666666667,0.6333333333333333,0.55,0.8265121459960938,0.017565202713012696
0.3,5,100.0,0.9,50,0.7299999999999999,0.15860503004493762,127,0.6333333333333333,1.0,0.6333333333333333,0.8166666666666667,0.5666666666666667,0.824452257156372,0.017482519149780273
